0 99
1 98
2 99
3 99
4 98
5 99
6 99
7 100
8 100
9 100
10 101
11 100
12 100
13 99
14 99
15 100
16 101
17 102
18 101
19 102
20 103
21 104
22 103
23 104
24 105
25 105
26 106
27 107
28 106
29 106
30 106
31 106
32 107
33 108
34 109
35 108
36 108
37 107
38 108
39 107
40 108
41 107
42 107
43 107
44 107
45 106
46 106
47 106
48 107
49 107
50 107
51 108
52 108
53 108
54 109
55 108
56 108
57 109
58 110
59 110
60 110
61 111
62 110
63 110
64 110
65 110
66 111
67 110
68 111
69 112
70 112
71 111
72 110
73 109
74 109
75 110
76 109
77 110
78 109
79 110
80 110
81 111
82 112
83 113
84 113
85 113
86 112
87 113
88 113
89 114
90 114
91 113
92 114
93 113
94 114
95 113
96 114
97 114
98 115
99 116
100 116
101 115
102 116
103 117
104 116
105 115
106 115
107 115
108 114
109 115
110 115
111 116
112 116
113 115
114 115
115 114
116 114
117 115
118 114
119 113
120 112
121 113
122 113
123 114
124 113
125 112
126 112
127 113
128 113
129 112
130 112
131 113
132 113
133 114
134 115
135 116
136 115
137 114
138 113
139 114
140 113
141 113
142 113
143 112
144 112
145 112
146 112
147 111
148 110
149 111
150 111
151 110
152 111
153 112
154 111
155 112
156 113
157 114
158 115
159 114
160 115
161 115
162 115
163 114
164 113
165 112
166 113
167 113
168 114
169 113
170 112
171 113
172 113
173 114
174 113
175 112
176 111
177 112
178 112
179 112
180 112
181 111
182 112
183 112
184 113
185 112
186 111
187 112
188 113
189 112
190 111
191 112
192 112
193 112
194 113
195 112
196 113
197 114
198 115
199 116
200 115
201 114
202 115
203 115
204 116
205 115
206 116
207 116
208 117
209 117
210 116
211 116
212 116
213 117
214 118
215 118
216 117
217 116
218 115
219 116
220 115
221 115
222 116
223 117
224 116
225 117
226 116
227 115
228 114
229 115
230 116
231 115
232 116
233 117
234 116
235 115
236 116
237 115
238 115
239 116
240 116
241 116
242 116
243 115
244 115
245 115
246 114
247 114
248 115
249 114
250 115
251 114
252 115
253 116
254 117
255 117
256 117
257 116
258 116
259 117
260 116
261 117
262 116
263 116
264 116
265 115
266 116
267 116
268 115
269 115
270 115
271 114
272 113
273 114
274 114
275 114
276 114
277 114
278 114
279 113
280 112
281 111
282 110
283 109
284 110
285 109
286 109
287 109
288 108
289 107
290 107
291 108
292 109
293 109
294 108
295 108
296 109
297 110
298 111
299 110
300 109
301 109
302 109
303 109
304 108
305 107
306 108
307 109
308 110
309 109
310 110
311 111
312 110
313 111
314 111
315 110
316 111
317 112
318 113
319 113
320 112
321 111
322 111
323 110
324 111
325 112
326 112
327 113
328 113
329 113
330 112
331 113
332 114
333 115
334 114
335 113
336 112
337 111
338 112
339 113
340 113
341 114
342 113
343 114
344 114
345 115
346 115
347 116
348 116
349 115
350 115
351 114
352 114
353 115
354 114
355 114
356 114
357 113
358 113
359 112
360 113
361 113
362 112
363 111
364 110
365 110
366 109
367 108
368 108
369 108
370 108
371 107
372 106
373 107
374 107
375 106
376 106
377 107
378 106
379 105
380 104
381 104
382 103
383 103
384 103
385 104
386 103
387 102
388 101
389 101
390 100
391 101
392 102
393 102
394 103
395 103
396 104
397 104
398 104
399 104
400 103
401 102
402 101
403 101
404 100
405 100
406 100
407 100
408 99
409 99
410 100
411 99
412 98
413 97
414 98
415 98
416 99
417 98
418 98
419 99
420 99
421 100
422 99
423 99
424 99
425 98
426 99
427 98
428 98
429 99
430 98
431 99
432 98
433 97
434 97
435 97
436 97
437 96
438 95
439 96
440 97
441 96
442 95
443 94
444 94
445 93
446 92
447 92
448 91
449 91
450 91
451 92
452 93
453 94
454 94
455 93
456 94
457 94
458 95
459 96
460 96
461 95
462 95
463 95
464 94
465 93
466 92
467 93
468 93
469 93
470 94
471 93
472 93
473 94
474 94
475 93
476 94
477 94
478 95
479 94
480 94
481 94
482 93
483 92
484 91
485 91
486 91
487 92
488 91
489 91
490 91
491 91
492 91
493 91
494 91
495 91
496 91
497 91
498 91
499 92
500 91
501 90
502 89
503 90
504 89
505 90
506 91
507 90
508 90
509 91
510 90
511 91
512 90
513 89
514 88
515 87
516 88
517 89
518 89
519 88
520 88
521 87
522 88
523 87
524 87
525 87
526 88
527 87
528 88
529 88
530 87
531 87
532 87
533 87
534 87
535 86
536 86
537 86
538 85
539 86
540 86
541 87
542 86
543 86
544 87
545 86
546 85
547 86
548 85
549 85
550 84
551 85
552 85
553 84
554 85
555 84
556 84
557 84
558 84
559 84
560 83
561 83
562 84
563 83
564 82
565 81
566 80
567 81
568 80
569 79
570 80
571 80
572 81
573 80
574 81
575 80
576 79
577 78
578 77
579 77
580 77
581 77
582 77
583 76
584 77
585 77
586 77
587 76
588 77
589 78
590 77
591 77
592 77
593 78
594 78
595 77
596 77
597 77
598 78
599 78
600 79
601 80
602 79
603 78
604 79
605 78
606 78
607 78
608 78
609 79
610 80
611 81
612 82
613 82
614 81
615 81
616 82
617 82
618 81
619 82
620 82
621 81
622 80
623 79
624 78
625 79
626 79
627 79
628 79
629 79
630 78
631 78
632 78
633 78
634 79
635 79
636 80
637 80
638 81
639 80
640 79
641 80
642 81
643 80
644 79
645 78
646 79
647 78
648 79
649 80
650 79
651 79
652 80
653 79
654 80
655 81
656 81
657 80
658 81
659 82
660 82
661 81
662 80
663 79
664 80
665 79
666 80
667 80
668 81
669 82
670 82
671 82
672 81
673 81
674 81
675 80
676 81
677 80
678 80
679 81
680 82
681 83
682 83
683 84
684 83
685 82
686 81
687 81
688 81
689 82
690 82
691 83
692 82
693 83
694 83
695 84
696 84
697 84
698 84
699 83
700 82
701 81
702 81
703 80
704 81
705 80
706 81
707 82
708 81
709 81
710 82
711 82
712 82
713 81
714 81
715 81
716 80
717 80
718 79
719 80
720 80
721 81
722 82
723 83
724 83
725 83
726 84
727 85
728 86
729 86
730 85
731 84
732 84
733 84
734 85
735 85
736 86
737 86
738 86
739 86
740 85
741 85
742 84
743 84
744 85
745 85
746 84
747 83
748 83
749 82
750 81
751 82
752 81
753 80
754 81
755 82
756 82
757 83
758 84
759 83
760 83
761 82
762 81
763 82
764 81
765 80
766 81
767 82
768 83
769 83
770 82
771 83
772 84
773 83
774 83
775 83
776 82
777 83
778 82
779 82
780 81
781 80
782 80
783 80
784 79
785 80
786 80
787 80
788 80
789 79
790 80
791 79
792 79
793 78
794 77
795 77
796 77
797 78
798 77
799 76
800 75
801 76
802 76
803 76
804 75
805 76
806 77
807 76
808 76
809 77
810 78
811 79
812 78
813 78
814 78
815 77
816 77
817 78
818 79
819 78
820 79
821 80
822 79
823 78
824 77
825 76
826 77
827 78
828 78
829 78
830 77
831 78
832 78
833 78
834 77
835 77
836 77
837 77
838 76
839 75
840 74
841 75
842 74
843 75
844 75
845 75
846 76
847 77
848 76
849 75
850 76
851 75
852 76
853 77
854 77
855 76
856 76
857 77
858 78
859 79
860 78
861 77
862 77
863 77
864 78
865 77
866 76
867 76
868 76
869 75
870 76
871 77
872 76
873 77
874 77
875 78
876 78
877 79
878 80
879 81
880 80
881 81
882 82
883 83
884 84
885 85
886 85
887 85
888 85
889 85
890 85
891 86
892 87
893 86
894 86
895 87
896 86
897 86
898 85
899 85
900 84
901 85
902 86
903 86
904 85
905 84
906 83
907 84
908 83
909 82
910 82
911 81
912 80
913 81
914 81
915 80
916 80
917 81
918 81
919 80
920 80
921 81
922 80
923 80
924 81
925 81
926 80
927 80
928 79
929 79
930 78
931 77
932 78
933 79
934 79
935 80
936 80
937 81
938 82
939 82
940 83
941 83
942 82
943 81
944 80
945 80
946 79
947 80
948 80
949 81
950 80
951 79
952 79
953 78
954 78
955 79
956 79
957 80
958 80
959 79
960 79
961 79
962 78
963 77
964 77
965 78
966 77
967 76
968 77
969 76
970 76
971 77
972 77
973 78
974 77
975 76
976 76
977 75
978 76
979 75
980 75
981 74
982 74
983 75
984 75
985 76
986 77
987 76
988 75
989 74
990 73
991 73
992 74
993 74
994 75
995 75
996 75
997 74
998 74
999 73
1000 72
1001 71
1002 71
1003 72
1004 71
1005 71
1006 72
1007 72
1008 73
1009 72
1010 73
1011 72
1012 71
1013 71
1014 71
1015 71
1016 70
1017 70
1018 71
1019 70
1020 71
1021 70
1022 71
1023 72
1024 71
1025 72
1026 72
1027 72
1028 73
1029 74
1030 73
1031 72
1032 71
1033 71
1034 71
1035 71
1036 72
1037 71
1038 70
1039 71
1040 70
1041 69
1042 69
1043 69
1044 69
1045 70
1046 70
1047 71
1048 71
1049 71
1050 71
1051 70
1052 69
1053 69
1054 68
1055 67
1056 67
1057 68
1058 69
1059 68
1060 69
1061 70
1062 71
1063 70
1064 69
1065 68
1066 68
1067 67
1068 67
1069 68
1070 67
1071 66
1072 65
1073 66
1074 66
1075 67
1076 68
1077 67
1078 68
1079 67
1080 66
1081 66
1082 67
1083 66
1084 67
1085 66
1086 66
1087 65
1088 64
1089 63
1090 64
1091 65
1092 64
1093 65
1094 66
1095 66
1096 65
1097 66
1098 67
1099 67
1100 67
1101 66
1102 66
1103 67
1104 68
1105 68
1106 69
1107 70
1108 71
1109 72
1110 73
1111 74
1112 73
1113 74
1114 73
1115 73
1116 72
1117 72
1118 73
1119 72
1120 73
1121 74
1122 73
1123 72
1124 72
1125 71
1126 71
1127 71
1128 70
1129 70
1130 69
1131 70
1132 70
1133 71
1134 72
1135 72
1136 72
1137 73
1138 73
1139 73
1140 73
1141 73
1142 72
1143 73
1144 72
1145 72
1146 72
1147 72
1148 73
1149 72
1150 73
1151 74
1152 73
1153 72
1154 71
1155 71
1156 70
1157 69
1158 69
1159 69
1160 70
1161 71
1162 70
1163 70
1164 71
1165 70
1166 69
1167 69
1168 70
1169 71
1170 72
1171 71
1172 71
1173 72
1174 71
1175 72
1176 72
1177 72
1178 72
1179 73
1180 74
1181 73
1182 74
1183 73
1184 72
1185 71
1186 72
1187 72
1188 72
1189 71
1190 70
1191 69
1192 70
1193 70
1194 71
1195 72
1196 72
1197 72
1198 71
1199 71
1200 70
1201 69
1202 69
1203 70
1204 71
1205 70
1206 70
1207 71
1208 71
1209 70
1210 70
1211 70
1212 70
1213 69
1214 69
1215 70
1216 70
1217 70
1218 71
1219 72
1220 73
1221 74
1222 73
1223 74
1224 74
1225 73
1226 74
1227 75
1228 75
1229 74
1230 74
1231 74
1232 74
1233 73
1234 72
1235 71
1236 71
1237 70
1238 69
1239 70
1240 69
1241 69
1242 70
1243 71
1244 72
1245 71
1246 70
1247 69
1248 70
1249 69
1250 69
1251 70
1252 71
1253 72
1254 73
1255 73
1256 74
1257 74
1258 74
1259 74
1260 75
1261 74
1262 73
1263 72
1264 72
1265 73
1266 73
1267 72
1268 73
1269 74
1270 75
1271 74
1272 74
1273 74
1274 74
1275 74
1276 73
1277 73
1278 74
1279 75
1280 75
1281 75
1282 75
1283 75
1284 74
1285 73
1286 72
1287 73
1288 74
1289 73
1290 72
1291 73
1292 73
1293 73
1294 72
1295 71
1296 70
1297 69
1298 68
1299 67
1300 66
1301 65
1302 64
1303 64
1304 63
1305 63
1306 62
1307 61
1308 60
1309 59
1310 58
1311 59
1312 59
1313 58
1314 58
1315 59
1316 59
1317 60
1318 60
1319 61
1320 62
1321 61
1322 61
1323 61
1324 62
1325 61
1326 61
1327 60
1328 59
1329 59
1330 58
1331 57
1332 56
1333 56
1334 57
1335 56
1336 56
1337 57
1338 56
1339 56
1340 55
1341 55
1342 56
1343 57
1344 57
1345 56
1346 56
1347 55
1348 54
1349 53
1350 54
1351 54
1352 54
1353 54
1354 55
1355 54
1356 54
1357 54
1358 53
1359 54
1360 53
1361 53
1362 52
1363 51
1364 52
1365 51
1366 50
1367 49
1368 48
1369 48
1370 47
1371 48
1372 47
1373 48
1374 48
1375 48
1376 47
1377 46
1378 46
1379 45
1380 45
1381 45
1382 45
1383 46
1384 45
1385 46
1386 45
1387 46
1388 45
1389 44
1390 45
1391 45
1392 45
1393 44
1394 43
1395 43
1396 42
1397 41
1398 42
1399 43
1400 42
1401 41
1402 41
1403 40
1404 41
1405 42
1406 43
1407 42
1408 41
1409 42
1410 41
1411 41
1412 40
1413 39
1414 39
1415 39
1416 40
1417 40
1418 41
1419 40
1420 41
1421 42
1422 42
1423 42
1424 43
1425 43
1426 42
1427 42
1428 41
1429 40
1430 39
1431 38
1432 37
1433 37
1434 37
1435 36
1436 36
1437 35
1438 34
1439 35
1440 36
1441 36
1442 35
1443 35
1444 36
1445 35
1446 34
1447 35
1448 35
1449 36
1450 37
1451 37
1452 37
1453 38
1454 39
1455 39
1456 39
1457 38
1458 39
1459 39
1460 38
1461 37
1462 38
1463 38
1464 39
1465 39
1466 39
1467 38
1468 39
1469 40
1470 41
1471 42
1472 43
1473 43
1474 43
1475 44
1476 45
1477 46
1478 47
1479 46
1480 46
1481 46
1482 47
1483 47
1484 47
1485 46
1486 45
1487 44
1488 43
1489 44
1490 45
1491 45
1492 44
1493 43
1494 44
1495 45
1496 45
1497 46
1498 47
1499 47
1500 48
1501 47
1502 48
1503 49
1504 50
1505 49
1506 50
1507 50
1508 49
1509 49
1510 49
1511 48
1512 47
1513 48
1514 48
1515 49
1516 50
1517 50
1518 49
1519 50
1520 50
1521 51
1522 51
1523 51
1524 50
1525 50
1526 49
1527 50
1528 50
1529 51
1530 51
1531 51
1532 50
1533 49
1534 49
1535 50
1536 51
1537 50
1538 49
1539 48
1540 49
1541 48
1542 47
1543 46
1544 47
1545 48
1546 49
1547 49
1548 48
1549 47
1550 46
1551 47
1552 47
1553 46
1554 45
1555 45
1556 46
1557 46
1558 46
1559 45
1560 46
1561 45
1562 45
1563 46
1564 46
1565 45
1566 44
1567 44
1568 44
1569 43
1570 44
1571 43
1572 42
1573 43
1574 43
1575 42
1576 41
1577 41
1578 41
1579 41
1580 40
1581 39
1582 39
1583 39
1584 38
1585 39
1586 40
1587 41
1588 42
1589 42
1590 41
1591 41
1592 42
1593 43
1594 43
1595 42
1596 42
1597 42
1598 41
1599 42
1600 41
1601 42
1602 42
1603 42
1604 43
1605 42
1606 43
1607 44
1608 45
1609 45
1610 45
1611 46
1612 46
1613 45
1614 44
1615 45
1616 44
1617 43
1618 44
1619 45
1620 46
1621 45
1622 44
1623 45
1624 44
1625 43
1626 44
1627 45
1628 46
1629 47
1630 47
1631 48
1632 49
1633 50
1634 50
1635 51
1636 52
1637 51
1638 52
1639 53
1640 53
1641 53
1642 53
1643 53
1644 53
1645 52
1646 52
1647 53
1648 53
1649 54
1650 55
1651 55
1652 56
1653 55
1654 54
1655 53
1656 53
1657 54
1658 55
1659 54
1660 53
1661 53
1662 52
1663 51
1664 51
1665 52
1666 53
1667 54
1668 55
1669 54
1670 54
1671 54
1672 54
1673 53
1674 52
1675 52
1676 52
1677 51
1678 50
1679 51
1680 52
1681 53
1682 52
1683 52
1684 51
1685 50
1686 49
1687 50
1688 50
1689 51
1690 50
1691 51
1692 51
1693 50
1694 51
1695 50
1696 51
1697 52
1698 53
1699 54
1700 53
1701 53
1702 53
1703 53
1704 54
1705 53
1706 54
1707 54
1708 53
1709 52
1710 52
1711 51
1712 51
1713 52
1714 53
1715 54
1716 53
1717 54
1718 55
1719 56
1720 55
1721 56
1722 56
1723 56
1724 55
1725 55
1726 56
1727 55
1728 55
1729 56
1730 55
1731 55
1732 55
1733 56
1734 55
1735 55
1736 54
1737 53
1738 52
1739 52
1740 52
1741 52
1742 52
1743 51
1744 51
1745 51
1746 50
1747 49
1748 49
1749 48
1750 49
1751 49
1752 48
1753 48
1754 48
1755 48
1756 49
1757 48
1758 49
1759 48
1760 48
1761 49
1762 50
1763 51
1764 52
1765 53
1766 52
1767 51
1768 50
1769 50
1770 50
1771 51
1772 50
1773 49
1774 50
1775 51
1776 52
1777 51
1778 52
1779 51
1780 50
1781 51
1782 50
1783 49
1784 48
1785 49
1786 50
1787 49
1788 48
1789 48
1790 48
1791 48
1792 47
1793 46
1794 46
1795 46
1796 45
1797 46
1798 46
1799 46
1800 47
1801 46
1802 45
1803 46
1804 45
1805 44
1806 45
1807 44
1808 45
1809 46
1810 47
1811 48
1812 49
1813 48
1814 48
1815 49
1816 50
1817 49
1818 48
1819 49
1820 50
1821 50
1822 51
1823 50
1824 50
1825 49
1826 49
1827 49
1828 48
1829 47
1830 46
1831 47
1832 47
1833 46
1834 47
1835 48
1836 49
1837 50
1838 49
1839 49
1840 50
1841 49
1842 49
1843 49
1844 48
1845 49
1846 49
1847 50
1848 50
1849 50
1850 51
1851 50
1852 51
1853 51
1854 51
1855 51
1856 52
1857 51
1858 50
1859 49
1860 48
1861 48
1862 47
1863 48
1864 49
1865 49
1866 50
1867 50
1868 50
1869 51
1870 50
1871 49
1872 50
1873 51
1874 52
1875 53
1876 54
1877 53
1878 54
1879 53
1880 54
1881 54
1882 54
1883 54
1884 54
1885 53
1886 52
1887 51
1888 51
1889 50
1890 50
1891 51
1892 51
1893 50
1894 51
1895 51
1896 51
1897 51
1898 50
1899 51
1900 51
1901 51
1902 50
1903 49
1904 49
1905 50
1906 49
1907 48
1908 47
1909 46
1910 46
1911 47
1912 48
1913 49
1914 49
1915 48
1916 47
1917 47
1918 48
1919 48
1920 49
1921 48
1922 49
1923 50
1924 50
1925 50
1926 50
1927 51
1928 50
1929 50
1930 51
1931 51
1932 50
1933 51
1934 52
1935 52
1936 53
1937 54
1938 55
1939 54
1940 53
1941 53
1942 54
1943 55
1944 55
1945 55
1946 55
1947 56
1948 57
1949 56
1950 56
1951 57
1952 57
1953 56
1954 57
1955 57
1956 58
1957 57
1958 56
1959 57
1960 57
1961 57
1962 56
1963 55
1964 55
1965 56
1966 56
1967 56
1968 57
1969 57
1970 57
1971 58
1972 59
1973 60
1974 59
1975 59
1976 58
1977 59
1978 59
1979 58
1980 57
1981 56
1982 55
1983 56
1984 56
1985 57
1986 56
1987 56
1988 55
1989 55
1990 55
1991 55
1992 54
1993 55
1994 55
1995 55
1996 54
1997 54
1998 55
1999 56
2000 57
2001 58
2002 57
2003 58
2004 58
2005 58
2006 58
2007 58
2008 57
2009 58
2010 59
2011 59
2012 60
2013 59
2014 58
2015 58
2016 57
2017 57
2018 56
2019 55
2020 54
2021 55
2022 54
2023 53
2024 53
2025 54
2026 54
2027 55
2028 54
2029 55
2030 56
2031 55
2032 55
2033 54
2034 53
2035 52
2036 52
2037 52
2038 53
2039 54
2040 53
2041 54
2042 53
2043 52
2044 51
2045 50
2046 51
2047 51
2048 52
2049 51
2050 52
2051 51
2052 52
2053 53
2054 52
2055 52
2056 51
2057 50
2058 50
2059 49
2060 48
2061 48
2062 48
2063 48
2064 48
2065 48
2066 49
2067 48
2068 49
2069 49
2070 50
2071 49
2072 49
2073 48
2074 48
2075 49
2076 49
2077 48
2078 48
2079 49
2080 48
2081 47
2082 48
2083 47
2084 47
2085 46
2086 46
2087 47
2088 47
2089 46
2090 47
2091 47
2092 47
2093 47
2094 46
2095 47
2096 48
2097 49
2098 48
2099 47
2100 46
2101 45
2102 44
2103 43
2104 42
2105 42
2106 43
2107 42
2108 43
2109 42
2110 43
2111 44
2112 44
2113 44
2114 45
2115 44
2116 45
2117 46
2118 47
2119 46
2120 47
2121 46
2122 47
2123 47
2124 47
2125 48
2126 48
2127 48
2128 49
2129 50
2130 50
2131 50
2132 49
2133 48
2134 48
2135 49
2136 50
2137 49
2138 50
2139 51
2140 51
2141 52
2142 52
2143 51
2144 50
2145 51
2146 51
2147 51
2148 51
2149 51
2150 52
2151 51
2152 51
2153 52
2154 53
2155 54
2156 55
2157 55
2158 56
2159 57
2160 57
2161 57
2162 57
2163 57
2164 57
2165 58
2166 57
2167 57
2168 56
2169 57
2170 57
2171 57
2172 57
2173 58
2174 58
2175 57
2176 58
2177 57
2178 58
2179 57
2180 58
2181 58
2182 59
2183 58
2184 58
2185 58
2186 58
2187 59
2188 60
2189 59
2190 59
2191 59
2192 59
2193 60
2194 59
2195 59
2196 60
2197 59
2198 58
2199 59
2200 59
2201 59
2202 59
2203 58
2204 58
2205 59
2206 59
2207 59
2208 59
2209 58
2210 59
2211 58
2212 57
2213 57
2214 57
2215 58
2216 57
2217 58
2218 58
2219 57
2220 58
2221 57
2222 58
2223 59
2224 58
2225 57
2226 56
2227 57
2228 56
2229 55
2230 55
2231 56
2232 57
2233 58
2234 57
2235 56
2236 55
2237 56
2238 56
2239 57
2240 56
2241 56
2242 57
2243 57
2244 56
2245 55
2246 54
2247 53
2248 52
2249 51
2250 52
2251 51
2252 50
2253 51
2254 52
2255 52
2256 51
2257 50
2258 50
2259 49
2260 49
2261 48
2262 48
2263 47
2264 46
2265 47
2266 47
2267 47
2268 47
2269 46
2270 45
2271 46
2272 46
2273 45
2274 44
2275 45
2276 46
2277 47
2278 46
2279 45
2280 44
2281 43
2282 42
2283 41
2284 40
2285 40
2286 41
2287 40
2288 40
2289 40
2290 41
2291 41
2292 42
2293 41
2294 41
2295 40
2296 39
2297 38
2298 37
2299 37
2300 37
2301 36
2302 36
2303 35
2304 36
2305 37
2306 36
2307 36
2308 37
2309 38
2310 39
2311 40
2312 39
2313 40
2314 40
2315 40
2316 40
2317 39
2318 40
2319 40
2320 40
2321 40
2322 41
2323 41
2324 42
2325 41
2326 42
2327 43
2328 43
2329 44
2330 45
2331 44
2332 43
2333 42
2334 41
2335 40
2336 39
2337 40
2338 41
2339 41
2340 41
2341 41
2342 41
2343 41
2344 42
2345 43
2346 42
2347 41
2348 41
2349 40
2350 40
2351 39
2352 39
2353 38
2354 39
2355 39
2356 40
2357 41
2358 41
2359 41
2360 42
2361 41
2362 41
2363 42
2364 42
2365 43
2366 43
2367 42
2368 42
2369 41
2370 41
2371 40
2372 41
2373 40
2374 41
2375 42
2376 42
2377 43
2378 44
2379 45
2380 46
2381 47
2382 46
2383 47
2384 46
2385 47
2386 47
2387 46
2388 47
2389 48
2390 48
2391 48
2392 47
2393 46
2394 47
2395 48
2396 48
2397 47
2398 48
2399 47
2400 47
2401 47
2402 47
2403 47
2404 48
2405 48
2406 47
2407 46
2408 46
2409 46
2410 45
2411 46
2412 45
2413 44
2414 44
2415 44
2416 44
2417 43
2418 44
2419 43
2420 44
2421 44
2422 43
2423 42
2424 41
2425 40
2426 39
2427 39
2428 39
2429 40
2430 41
2431 42
2432 43
2433 43
2434 43
2435 43
2436 42
2437 43
2438 44
2439 45
2440 44
2441 45
2442 46
2443 46
2444 45
2445 45
2446 45
2447 45
2448 45
2449 44
2450 43
2451 42
2452 43
2453 43
2454 44
2455 45
2456 45
2457 44
2458 44
2459 45
2460 46
2461 46
2462 46
2463 47
2464 46
2465 45
2466 44
2467 44
2468 44
2469 43
2470 42
2471 42
2472 43
2473 42
2474 42
2475 42
2476 42
2477 43
2478 44
2479 45
2480 44
2481 43
2482 42
2483 43
2484 43
2485 44
2486 45
2487 44
2488 43
2489 43
2490 44
2491 44
2492 43
2493 44
2494 43
2495 43
2496 42
2497 42
2498 43
2499 43
2500 43
2501 42
2502 42
2503 43
2504 42
2505 43
2506 42
2507 42
2508 43
2509 42
2510 41
2511 42
2512 43
2513 43
2514 44
2515 44
2516 45
2517 46
2518 47
2519 48
2520 48
2521 48
2522 47
2523 47
2524 47
2525 47
2526 48
2527 49
2528 48
2529 49
2530 49
2531 50
2532 51
2533 52
2534 52
2535 53
2536 54
2537 55
2538 54
2539 54
2540 54
2541 54
2542 54
2543 54
2544 54
2545 54
2546 55
2547 54
2548 53
2549 54
2550 53
2551 54
2552 55
2553 55
2554 55
2555 54
2556 53
2557 53
2558 52
2559 51
2560 51
2561 52
2562 53
2563 52
2564 52
2565 53
2566 52
2567 53
2568 54
2569 54
2570 54
2571 54
2572 54
2573 53
2574 54
2575 55
2576 56
2577 55
2578 54
2579 53
2580 54
2581 53
2582 52
2583 52
2584 53
2585 53
2586 52
2587 53
2588 52
2589 51
2590 52
2591 52
2592 53
2593 52
2594 53
2595 54
2596 53
2597 52
2598 52
2599 53
2600 54
2601 55
2602 56
2603 55
2604 54
2605 55
2606 54
2607 53
2608 54
2609 53
2610 53
2611 52
2612 53
2613 53
2614 54
2615 54
2616 53
2617 54
2618 54
2619 53
2620 53
2621 53
2622 52
2623 51
2624 52
2625 51
2626 52
2627 53
2628 53
2629 53
2630 52
2631 51
2632 52
2633 53
2634 54
2635 55
2636 55
2637 54
2638 53
2639 54
2640 55
2641 56
2642 55
2643 55
2644 55
2645 56
2646 55
2647 55
2648 54
2649 55
2650 56
2651 56
2652 57
2653 56
2654 57
2655 57
2656 56
2657 55
2658 56
2659 56
2660 56
2661 55
2662 54
2663 53
2664 52
2665 51
2666 51
2667 52
2668 51
2669 52
2670 52
2671 53
2672 53
2673 53
2674 53
2675 54
2676 55
2677 54
2678 54
2679 53
2680 54
2681 54
2682 54
2683 55
2684 56
2685 55
2686 55
2687 56
2688 55
2689 55
2690 56
2691 55
2692 56
2693 57
2694 56
2695 57
2696 58
2697 59
2698 59
2699 58
2700 58
2701 58
2702 58
2703 57
2704 56
2705 57
2706 56
2707 57
2708 56
2709 56
2710 57
2711 56
2712 55
2713 55
2714 56
2715 55
2716 54
2717 54
2718 53
2719 53
2720 52
2721 53
2722 53
2723 54
2724 55
2725 54
2726 54
2727 54
2728 53
2729 53
2730 52
2731 53
2732 54
2733 54
2734 53
2735 54
2736 53
2737 53
2738 52
2739 52
2740 53
2741 52
2742 53
2743 52
2744 53
2745 54
2746 54
2747 53
2748 54
2749 55
2750 55
2751 56
2752 56
2753 56
2754 55
2755 55
2756 56
2757 56
2758 55
2759 56
2760 55
2761 54
2762 55
2763 56
2764 56
2765 55
2766 56
2767 55
2768 55
2769 56
2770 57
2771 57
2772 56
2773 57
2774 56
2775 57
2776 57
2777 57
2778 56
2779 55
2780 54
2781 55
2782 55
2783 54
2784 54
2785 54
2786 55
2787 54
2788 53
2789 54
2790 53
2791 53
2792 53
2793 52
2794 51
2795 52
2796 51
2797 50
2798 49
2799 49
2800 48
2801 49
2802 48
2803 48
2804 49
2805 48
2806 48
2807 48
2808 49
2809 50
2810 51
2811 50
2812 51
2813 50
2814 50
2815 49
2816 50
2817 49
2818 49
2819 48
2820 47
2821 47
2822 47
2823 48
2824 48
2825 49
2826 49
2827 50
2828 49
2829 48
2830 47
2831 46
2832 45
2833 45
2834 46
2835 45
2836 46
2837 46
2838 47
2839 47
2840 46
2841 47
2842 46
2843 47
2844 46
2845 46
2846 45
2847 44
2848 45
2849 45
2850 44
2851 43
2852 42
2853 43
2854 44
2855 45
2856 46
2857 46
2858 47
2859 46
2860 47
2861 46
2862 46
2863 45
2864 46
2865 46
2866 45
2867 45
2868 46
2869 45
2870 45
2871 44
2872 45
2873 46
2874 45
2875 44
2876 43
2877 42
2878 42
2879 41
2880 42
2881 43
2882 42
2883 43
2884 44
2885 43
2886 44
2887 45
2888 44
2889 45
2890 44
2891 45
2892 44
2893 44
2894 45
2895 46
2896 47
2897 46
2898 46
2899 47
2900 47
2901 46
2902 45
2903 45
2904 46
2905 45
2906 45
2907 44
2908 43
2909 42
2910 42
2911 41
2912 40
2913 41
2914 40
2915 39
2916 38
2917 37
2918 36
2919 35
2920 36
2921 35
2922 35
2923 34
2924 35
2925 34
2926 33
2927 34
2928 35
2929 36
2930 37
2931 36
2932 35
2933 34
2934 35
2935 34
2936 33
2937 33
2938 33
2939 34
2940 35
2941 36
2942 37
2943 36
2944 37
2945 36
2946 35
2947 34
2948 34
2949 34
2950 34
2951 34
2952 35
2953 36
2954 37
2955 38
2956 38
2957 39
2958 40
2959 40
2960 41
2961 41
2962 42
2963 41
2964 42
2965 43
2966 43
2967 43
2968 43
2969 44
2970 44
2971 43
2972 43
2973 43
2974 43
2975 44
2976 45
2977 46
2978 47
2979 47
2980 47
2981 47
2982 46
2983 45
2984 46
2985 47
2986 48
2987 48
2988 47
2989 48
2990 47
2991 46
2992 46
2993 47
2994 47
2995 47
2996 47
2997 48
2998 49
2999 48
3000 48
3001 47
3002 47
3003 47
3004 48
3005 47
3006 46
3007 47
3008 48
3009 47
3010 46
3011 46
3012 47
3013 47
3014 48
3015 48
3016 48
3017 49
3018 48
3019 49
3020 50
3021 49
3022 48
3023 48
3024 47
3025 48
3026 49
3027 50
3028 50
3029 49
3030 49
3031 49
3032 48
3033 49
3034 48
3035 47
3036 48
3037 47
3038 48
3039 49
3040 49
3041 48
3042 48
3043 47
3044 46
3045 45
3046 46
3047 47
3048 46
3049 45
3050 45
3051 44
3052 44
3053 44
3054 44
3055 45
3056 45
3057 46
3058 47
3059 46
3060 47
3061 46
3062 47
3063 46
3064 45
3065 46
3066 46
3067 47
3068 46
3069 46
3070 47
3071 47
3072 46
3073 46
3074 46
3075 45
3076 45
3077 45
3078 46
3079 47
3080 48
3081 48
3082 47
3083 47
3084 46
3085 47
3086 46
3087 47
3088 48
3089 49
3090 48
3091 48
3092 48
3093 49
3094 50
3095 50
3096 51
3097 51
3098 52
3099 53
3100 52
3101 52
3102 52
3103 51
3104 52
3105 51
3106 51
3107 51
3108 50
3109 50
3110 50
3111 51
3112 52
3113 53
3114 53
3115 52
3116 53
3117 53
3118 52
3119 52
3120 52
3121 51
3122 51
3123 52
3124 51
3125 51
3126 52
3127 53
3128 54
3129 54
3130 55
3131 54
3132 55
3133 55
3134 55
3135 56
3136 56
3137 55
3138 55
3139 55
3140 56
3141 55
3142 55
3143 55
3144 54
3145 55
3146 56
3147 55
3148 54
3149 55
3150 56
3151 55
3152 56
3153 55
3154 54
3155 53
3156 54
3157 55
3158 56
3159 56
3160 55
3161 56
3162 57
3163 56
3164 55
3165 55
3166 54
3167 55
3168 55
3169 56
3170 56
3171 55
3172 54
3173 53
3174 52
3175 52
3176 53
3177 54
3178 54
3179 54
3180 55
3181 54
3182 55
3183 56
3184 57
3185 58
3186 57
3187 57
3188 56
3189 55
3190 55
3191 54
3192 53
3193 53
3194 54
3195 54
3196 55
3197 56
3198 55
3199 55
3200 54
3201 53
3202 52
3203 51
3204 50
3205 49
3206 49
3207 50
3208 49
3209 48
3210 48
3211 47
3212 46
3213 45
3214 44
3215 45
3216 44
3217 44
3218 45
3219 44
3220 44
3221 43
3222 43
3223 44
3224 44
3225 43
3226 44
3227 44
3228 44
3229 45
3230 46
3231 46
3232 45
3233 46
3234 47
3235 46
3236 45
3237 44
3238 43
3239 43
3240 42
3241 43
3242 43
3243 43
3244 42
3245 43
3246 44
3247 43
3248 42
3249 42
3250 42
3251 41
3252 41
3253 42
3254 41
3255 40
3256 40
3257 41
3258 41
3259 42
3260 41
3261 40
3262 39
3263 38
3264 38
3265 39
3266 39
3267 39
3268 38
3269 39
3270 40
3271 40
3272 40
3273 41
3274 40
3275 40
3276 40
3277 41
3278 42
3279 41
3280 40
3281 39
3282 38
3283 39
3284 39
3285 39
3286 40
3287 41
3288 41
3289 40
3290 41
3291 41
3292 42
3293 43
3294 44
3295 43
3296 44
3297 43
3298 43
3299 42
3300 41
3301 42
3302 43
3303 42
3304 42
3305 43
3306 43
3307 44
3308 45
3309 46
3310 45
3311 44
3312 43
3313 42
3314 42
3315 42
3316 43
3317 43
3318 43
3319 43
3320 44
3321 43
3322 42
3323 42
3324 41
3325 42
3326 43
3327 42
3328 42
3329 41
3330 40
3331 40
3332 41
3333 42
3334 42
3335 42
3336 41
3337 41
3338 42
3339 41
3340 41
3341 42
3342 42
3343 42
3344 41
3345 42
3346 41
3347 40
3348 40
3349 41
3350 42
3351 42
3352 41
3353 42
3354 41
3355 41
3356 42
3357 43
3358 44
3359 43
3360 42
3361 43
3362 42
3363 42
3364 41
3365 42
3366 43
3367 43
3368 43
3369 43
3370 43
3371 44
3372 44
3373 45
3374 45
3375 46
3376 45
3377 46
3378 45
3379 46
3380 47
3381 48
3382 47
3383 48
3384 49
3385 49
3386 50
3387 50
3388 50
3389 50
3390 49
3391 49
3392 49
3393 49
3394 50
3395 50
3396 49
3397 50
3398 49
3399 48
3400 48
3401 48
3402 47
3403 46
3404 47
3405 47
3406 48
3407 49
3408 49
3409 50
3410 51
3411 51
3412 52
3413 53
3414 53
3415 54
3416 54
3417 53
3418 53
3419 54
3420 54
3421 55
3422 54
3423 54
3424 53
3425 53
3426 54
3427 54
3428 54
3429 53
3430 54
3431 55
3432 56
3433 55
3434 54
3435 54
3436 55
3437 54
3438 54
3439 54
3440 54
3441 53
3442 52
3443 51
3444 50
3445 51
3446 51
3447 52
3448 52
3449 51
3450 51
3451 50
3452 51
3453 50
3454 50
3455 49
3456 49
3457 49
3458 50
3459 51
3460 52
3461 53
3462 54
3463 55
3464 56
3465 55
3466 55
3467 56
3468 56
3469 55
3470 54
3471 55
3472 56
3473 56
3474 55
3475 54
3476 54
3477 54
3478 53
3479 54
3480 54
3481 55
3482 54
3483 54
3484 55
3485 56
3486 56
3487 56
3488 56
3489 56
3490 55
3491 55
3492 55
3493 55
3494 54
3495 54
3496 54
3497 55
3498 54
3499 53
3500 52
3501 53
3502 54
3503 53
3504 52
3505 52
3506 51
3507 52
3508 53
3509 53
3510 54
3511 54
3512 54
3513 53
3514 52
3515 51
3516 52
3517 53
3518 54
3519 54
3520 54
3521 53
3522 54
3523 53
3524 54
3525 55
3526 55
3527 55
3528 56
3529 56
3530 56
3531 55
3532 55
3533 56
3534 55
3535 54
3536 53
3537 53
3538 54
3539 53
3540 52
3541 51
3542 52
3543 52
3544 52
3545 51
3546 52
3547 52
3548 53
3549 53
3550 54
3551 54
3552 53
3553 53
3554 53
3555 54
3556 53
3557 54
3558 54
3559 53
3560 53
3561 53
3562 52
3563 52
3564 51
3565 51
3566 51
3567 51
3568 50
3569 50
3570 50
3571 49
3572 49
3573 49
3574 50
3575 51
3576 51
3577 51
3578 50
3579 50
3580 49
3581 50
3582 49
3583 49
3584 49
3585 49
3586 48
3587 49
3588 49
3589 48
3590 47
3591 46
3592 46
3593 46
3594 46
3595 47
3596 48
3597 47
3598 47
3599 46
3600 47
3601 48
3602 47
3603 46
3604 46
3605 47
3606 47
3607 46
3608 46
3609 47
3610 48
3611 49
3612 48
3613 49
3614 48
3615 48
3616 47
3617 47
3618 47
3619 48
3620 48
3621 49
3622 48
3623 47
3624 47
3625 48
3626 49
3627 48
3628 47
3629 46
3630 46
3631 47
3632 47
3633 48
3634 47
3635 46
3636 45
3637 46
3638 46
3639 47
3640 48
3641 47
3642 47
3643 48
3644 47
3645 48
3646 48
3647 48
3648 48
3649 47
3650 47
3651 47
3652 46
3653 47
3654 47
3655 47
3656 47
3657 48
3658 49
3659 50
3660 49
3661 49
3662 49
3663 49
3664 49
3665 48
3666 49
3667 49
3668 50
3669 50
3670 50
3671 50
3672 50
3673 49
3674 49
3675 50
3676 51
3677 50
3678 51
3679 51
3680 51
3681 51
3682 52
3683 52
3684 51
3685 52
3686 53
3687 54
3688 54
3689 54
3690 55
3691 55
3692 55
3693 55
3694 55
3695 56
3696 56
3697 56
3698 56
3699 56
3700 57
3701 58
3702 59
3703 59
3704 60
3705 61
3706 62
3707 63
3708 64
3709 64
3710 64
3711 63
3712 62
3713 62
3714 63
3715 63
3716 63
3717 64
3718 63
3719 64
3720 64
3721 63
3722 63
3723 64
3724 65
3725 66
3726 66
3727 65
3728 64
3729 63
3730 63
3731 62
3732 61
3733 62
3734 63
3735 64
3736 65
3737 65
3738 66
3739 66
3740 65
3741 65
3742 66
3743 65
3744 64
3745 65
3746 65
3747 65
3748 65
3749 66
3750 66
3751 67
3752 66
3753 65
3754 66
3755 65
3756 64
3757 64
3758 63
3759 63
3760 64
3761 63
3762 64
3763 63
3764 62
3765 63
3766 62
3767 63
3768 63
3769 62
3770 62
3771 63
3772 64
3773 64
3774 63
3775 64
3776 63
3777 64
3778 64
3779 64
3780 64
3781 63
3782 63
3783 64
3784 64
3785 63
3786 64
3787 64
3788 63
3789 63
3790 62
3791 61
3792 62
3793 61
3794 60
3795 61
3796 60
3797 60
3798 61
3799 61
3800 62
3801 62
3802 62
3803 62
3804 63
3805 63
3806 64
3807 65
3808 64
3809 63
3810 63
3811 64
3812 64
3813 65
3814 66
3815 67
3816 67
3817 66
3818 66
3819 66
3820 66
3821 67
3822 67
3823 66
3824 65
3825 65
3826 64
3827 63
3828 63
3829 62
3830 61
3831 60
3832 60
3833 60
3834 61
3835 60
3836 59
3837 59
3838 60
3839 60
3840 59
3841 59
3842 59
3843 60
3844 59
3845 59
3846 60
3847 60
3848 60
3849 60
3850 61
3851 60
3852 59
3853 59
3854 58
3855 58
3856 58
3857 58
3858 57
3859 58
3860 58
3861 57
3862 56
3863 57
3864 58
3865 57
3866 56
3867 55
3868 54
3869 53
3870 54
3871 53
3872 53
3873 52
3874 51
3875 51
3876 51
3877 50
3878 49
3879 48
3880 48
3881 47
3882 46
3883 46
3884 47
3885 47
3886 47
3887 47
3888 48
3889 48
3890 47
3891 47
3892 48
3893 48
3894 47
3895 47
3896 47
3897 46
3898 47
3899 47
3900 46
3901 46
3902 47
3903 48
3904 48
3905 49
3906 49
3907 49
3908 50
3909 51
3910 51
3911 51
3912 50
3913 49
3914 48
3915 49
3916 49
3917 50
3918 50
3919 50
3920 49
3921 50
3922 51
3923 52
3924 51
3925 51
3926 51
3927 52
3928 53
3929 52
3930 52
3931 52
3932 53
3933 53
3934 52
3935 52
3936 51
3937 52
3938 51
3939 51
3940 51
3941 52
3942 53
3943 54
3944 55
3945 54
3946 55
3947 55
3948 56
3949 56
3950 55
3951 54
3952 53
3953 52
3954 51
3955 52
3956 52
3957 53
3958 53
3959 54
3960 55
3961 56
3962 55
3963 56
3964 56
3965 56
3966 56
3967 55
3968 55
3969 56
3970 56
3971 57
3972 57
3973 57
3974 58
3975 58
3976 59
3977 60
3978 61
3979 62
3980 62
3981 63
3982 62
3983 62
3984 61
3985 60
3986 59
3987 60
3988 61
3989 62
3990 63
3991 62
3992 61
3993 62
3994 61
3995 62
3996 61
3997 62
3998 63
3999 64
4000 64
4001 63
4002 64
4003 65
4004 64
4005 64
4006 64
4007 65
4008 65
4009 65
4010 66
4011 67
4012 67
4013 66
4014 66
4015 67
4016 68
4017 69
4018 70
4019 70
4020 69
4021 69
4022 70
4023 70
4024 69
4025 68
4026 67
4027 67
4028 68
4029 67
4030 67
4031 67
4032 67
4033 67
4034 68
4035 68
4036 67
4037 66
4038 66
4039 67
4040 68
4041 68
4042 68
4043 67
4044 68
4045 67
4046 68
4047 68
4048 68
4049 68
4050 68
4051 68
4052 67
4053 66
4054 65
4055 65
4056 66
4057 66
4058 66
4059 66
4060 67
4061 68
4062 68
4063 68
4064 68
4065 67
4066 66
4067 66
4068 65
4069 66
4070 65
4071 64
4072 64
4073 65
4074 66
4075 66
4076 67
4077 68
4078 67
4079 66
4080 67
4081 67
4082 68
4083 69
4084 70
4085 69
4086 69
4087 69
4088 70
4089 71
4090 70
4091 70
4092 71
4093 71
4094 70
4095 69
4096 70
4097 70
4098 71
4099 70
4100 70
4101 69
4102 69
4103 68
4104 67
4105 66
4106 66
4107 65
4108 66
4109 66
4110 67
4111 67
4112 66
4113 67
4114 68
4115 67
4116 66
4117 65
4118 65
4119 64
4120 65
4121 66
4122 66
4123 66
4124 66
4125 67
4126 68
4127 67
4128 67
4129 67
4130 67
4131 66
4132 67
4133 66
4134 65
4135 64
4136 63
4137 64
4138 64
4139 63
4140 64
4141 64
4142 63
4143 64
4144 63
4145 64
4146 65
4147 65
4148 64
4149 64
4150 64
4151 65
4152 64
4153 64
4154 64
4155 65
4156 65
4157 65
4158 64
4159 65
4160 64
4161 64
4162 63
4163 63
4164 63
4165 62
4166 62
4167 63
4168 64
4169 63
4170 63
4171 64
4172 65
4173 65
4174 66
4175 65
4176 65
4177 65
4178 66
4179 66
4180 67
4181 68
4182 68
4183 68
4184 68
4185 69
4186 69
4187 70
4188 70
4189 70
4190 71
4191 71
4192 70
4193 71
4194 72
4195 73
4196 72
4197 73
4198 74
4199 75
4200 76
4201 75
4202 76
4203 77
4204 78
4205 79
4206 78
4207 78
4208 77
4209 76
4210 77
4211 77
4212 78
4213 77
4214 78
4215 77
4216 76
4217 75
4218 74
4219 74
4220 75
4221 76
4222 75
4223 76
4224 77
4225 76
4226 75
4227 76
4228 75
4229 74
4230 73
4231 74
4232 74
4233 73
4234 74
4235 73
4236 74
4237 73
4238 73
4239 74
4240 74
4241 74
4242 73
4243 73
4244 74
4245 73
4246 72
4247 73
4248 73
4249 72
4250 72
4251 72
4252 72
4253 72
4254 72
4255 71
4256 72
4257 72
4258 71
4259 72
4260 72
4261 71
4262 70
4263 71
4264 70
4265 71
4266 70
4267 71
4268 71
4269 72
4270 73
4271 74
4272 73
4273 73
4274 73
4275 72
4276 72
4277 72
4278 73
4279 72
4280 71
4281 70
4282 71
4283 72
4284 71
4285 70
4286 71
4287 72
4288 73
4289 72
4290 71
4291 71
4292 70
4293 69
4294 70
4295 70
4296 69
4297 70
4298 70
4299 70
4300 69
4301 69
4302 69
4303 68
4304 69
4305 68
4306 68
4307 68
4308 69
4309 69
4310 69
4311 70
4312 69
4313 69
4314 70
4315 70
4316 71
4317 72
4318 72
4319 73
4320 74
4321 74
4322 73
4323 73
4324 74
4325 73
4326 72
4327 72
4328 71
4329 72
4330 73
4331 72
4332 71
4333 72
4334 72
4335 71
4336 70
4337 69
4338 69
4339 70
4340 69
4341 69
4342 68
4343 67
4344 68
4345 69
4346 69
4347 69
4348 70
4349 71
4350 71
4351 72
4352 73
4353 72
4354 72
4355 72
4356 71
4357 71
4358 72
4359 71
4360 71
4361 70
4362 70
4363 70
4364 69
4365 69
4366 70
4367 69
4368 69
4369 69
4370 70
4371 70
4372 69
4373 68
4374 69
4375 70
4376 69
4377 68
4378 69
4379 68
4380 68
4381 67
4382 68
4383 67
4384 66
4385 66
4386 67
4387 67
4388 67
4389 66
4390 67
4391 68
4392 67
4393 68
4394 69
4395 68
4396 67
4397 67
4398 66
4399 66
4400 65
4401 64
4402 64
4403 63
4404 64
4405 63
4406 63
4407 64
4408 65
4409 64
4410 65
4411 65
4412 65
4413 64
4414 65
4415 64
4416 65
4417 65
4418 66
4419 65
4420 65
4421 65
4422 65
4423 66
4424 66
4425 65
4426 64
4427 64
4428 64
4429 64
4430 64
4431 63
4432 62
4433 61
4434 60
4435 61
4436 61
4437 62
4438 63
4439 63
4440 64
4441 64
4442 65
4443 66
4444 67
4445 67
4446 68
4447 67
4448 67
4449 67
4450 67
4451 66
4452 67
4453 68
4454 68
4455 69
4456 70
4457 70
4458 69
4459 70
4460 70
4461 71
4462 72
4463 72
4464 73
4465 72
4466 71
4467 71
4468 70
4469 71
4470 72
4471 71
4472 71
4473 72
4474 73
4475 74
4476 74
4477 74
4478 75
4479 74
4480 75
4481 74
4482 75
4483 74
4484 73
4485 73
4486 74
4487 73
4488 72
4489 71
4490 72
4491 72
4492 71
4493 71
4494 72
4495 73
4496 72
4497 71
4498 70
4499 69
4500 70
4501 70
4502 70
4503 71
4504 71
4505 71
4506 71
4507 70
4508 69
4509 69
4510 70
4511 69
4512 70
4513 70
4514 70
4515 69
4516 68
4517 67
4518 67
4519 66
4520 65
4521 64
4522 65
4523 65
4524 64
4525 65
4526 65
4527 65
4528 65
4529 66
4530 66
4531 66
4532 66
4533 65
4534 64
4535 65
4536 65
4537 66
4538 65
4539 66
4540 65
4541 66
4542 65
4543 64
4544 64
4545 64
4546 64
4547 64
4548 65
4549 66
4550 67
4551 66
4552 66
4553 67
4554 68
4555 69
4556 70
4557 69
4558 68
4559 67
4560 66
4561 67
4562 67
4563 68
4564 69
4565 68
4566 69
4567 69
4568 70
4569 71
4570 71
4571 71
4572 72
4573 72
4574 73
4575 73
4576 72
4577 71
4578 70
4579 71
4580 70
4581 69
4582 70
4583 71
4584 70
4585 70
4586 70
4587 71
4588 72
4589 72
4590 71
4591 71
4592 70
4593 69
4594 68
4595 69
4596 69
4597 70
4598 70
4599 69
4600 68
4601 69
4602 69
4603 68
4604 67
4605 66
4606 65
4607 65
4608 66
4609 66
4610 65
4611 66
4612 67
4613 66
4614 66
4615 65
4616 66
4617 67
4618 68
4619 69
4620 69
4621 69
4622 68
4623 68
4624 69
4625 69
4626 68
4627 67
4628 66
4629 65
4630 64
4631 64
4632 65
4633 64
4634 63
4635 63
4636 63
4637 62
4638 63
4639 62
4640 62
4641 61
4642 60
4643 60
4644 60
4645 61
4646 62
4647 61
4648 62
4649 62
4650 63
4651 62
4652 61
4653 60
4654 61
4655 60
4656 60
4657 60
4658 59
4659 58
4660 58
4661 59
4662 59
4663 58
4664 57
4665 58
4666 58
4667 58
4668 59
4669 60
4670 59
4671 60
4672 59
4673 59
4674 59
4675 59
4676 59
4677 58
4678 58
4679 57
4680 58
4681 59
4682 60
4683 60
4684 61
4685 61
4686 61
4687 61
4688 62
4689 63
4690 64
4691 63
4692 63
4693 63
4694 64
4695 65
4696 65
4697 65
4698 65
4699 65
4700 64
4701 64
4702 63
4703 62
4704 62
4705 63
4706 63
4707 64
4708 65
4709 65
4710 64
4711 63
4712 62
4713 63
4714 63
4715 62
4716 63
4717 64
4718 65
4719 65
4720 65
4721 65
4722 64
4723 63
4724 62
4725 63
4726 62
4727 63
4728 62
4729 63
4730 62
4731 63
4732 62
4733 63
4734 64
4735 65
4736 65
4737 66
4738 66
4739 66
4740 65
4741 66
4742 67
4743 67
4744 68
4745 67
4746 68
4747 68
4748 69
4749 70
4750 70
4751 71
4752 71
4753 71
4754 70
4755 71
4756 70
4757 70
4758 70
4759 70
4760 69
4761 70
4762 69
4763 69
4764 70
4765 69
4766 69
4767 68
4768 67
4769 66
4770 67
4771 67
4772 66
4773 66
4774 67
4775 66
4776 66
4777 66
4778 67
4779 68
4780 68
4781 67
4782 67
4783 66
4784 66
4785 67
4786 68
4787 69
4788 68
4789 69
4790 69
4791 69
4792 70
4793 70
4794 70
4795 70
4796 71
4797 70
4798 70
4799 69
4800 68
4801 69
4802 69
4803 69
4804 69
4805 69
4806 69
4807 69
4808 69
4809 69
4810 68
4811 69
4812 70
4813 71
4814 70
4815 69
4816 69
4817 68
4818 67
4819 66
4820 65
4821 66
4822 67
4823 68
4824 67
4825 66
4826 65
4827 65
4828 64
4829 65
4830 65
4831 66
4832 67
4833 67
4834 66
4835 66
4836 67
4837 68
4838 69
4839 68
4840 67
4841 68
4842 68
4843 69
4844 70
4845 70
4846 70
4847 70
4848 71
4849 71
4850 72
4851 73
4852 72
4853 73
4854 73
4855 73
4856 72
4857 73
4858 72
4859 73
4860 74
4861 73
4862 73
4863 73
4864 73
4865 73
4866 72
4867 71
4868 71
4869 72
4870 73
4871 73
4872 74
4873 73
4874 74
4875 74
4876 74
4877 73
4878 73
4879 74
4880 74
4881 73
4882 73
4883 74
4884 75
4885 74
4886 74
4887 74
4888 75
4889 76
4890 75
4891 76
4892 77
4893 77
4894 78
4895 77
4896 76
4897 77
4898 77
4899 77
4900 78
4901 78
4902 77
4903 77
4904 78
4905 79
4906 79
4907 80
4908 79
4909 80
4910 80
4911 81
4912 82
4913 83
4914 83
4915 82
4916 81
4917 80
4918 80
4919 80
4920 79
4921 80
4922 79
4923 78
4924 78
4925 79
4926 78
4927 78
4928 77
4929 78
4930 77
4931 78
4932 79
4933 79
4934 79
4935 79
4936 80
4937 79
4938 78
4939 79
4940 80
4941 80
4942 81
4943 80
4944 80
4945 80
4946 79
4947 80
4948 81
4949 82
4950 81
4951 82
4952 83
4953 83
4954 84
4955 83
4956 83
4957 82
4958 82
4959 82
4960 82
4961 83
4962 83
4963 82
4964 81
4965 81
4966 81
4967 82
4968 82
4969 81
4970 80
4971 81
4972 81
4973 82
4974 83
4975 82
4976 81
4977 80
4978 79
4979 78
4980 77
4981 77
4982 76
4983 77
4984 76
4985 75
4986 76
4987 75
4988 74
4989 74
4990 75
4991 76
4992 76
4993 76
4994 77
4995 78
4996 77
4997 78
4998 77
4999 77
5000 76
5001 75
5002 74
5003 74
5004 75
5005 74
5006 73
5007 72
5008 71
5009 71
5010 70
5011 70
5012 71
5013 71
5014 70
5015 69
5016 70
5017 71
5018 71
5019 70
5020 70
5021 69
5022 68
5023 69
5024 69
5025 68
5026 69
5027 70
5028 69
5029 70
5030 70
5031 69
5032 70
5033 71
5034 72
5035 73
5036 73
5037 72
5038 73
5039 74
5040 74
5041 74
5042 74
5043 74
5044 75
5045 75
5046 76
5047 76
5048 77
5049 76
5050 77
5051 76
5052 76
5053 77
5054 77
5055 76
5056 75
5057 74
5058 73
5059 72
5060 71
5061 72
5062 72
5063 73
5064 74
5065 74
5066 75
5067 74
5068 75
5069 75
5070 74
5071 74
5072 75
5073 75
5074 76
5075 77
5076 76
5077 75
5078 75
5079 74
5080 73
5081 73
5082 74
5083 75
5084 74
5085 73
5086 72
5087 72
5088 72
5089 72
5090 71
5091 71
5092 71
5093 72
5094 72
5095 71
5096 71
5097 70
5098 70
5099 69
5100 69
5101 70
5102 70
5103 71
5104 71
5105 70
5106 70
5107 71
5108 70
5109 69
5110 68
5111 69
5112 69
5113 70
5114 70
5115 71
5116 72
5117 73
5118 73
5119 72
5120 72
5121 72
5122 72
5123 73
5124 73
5125 74
5126 73
5127 74
5128 73
5129 74
5130 75
5131 75
5132 75
5133 74
5134 73
5135 72
5136 72
5137 71
5138 72
5139 71
5140 70
5141 71
5142 70
5143 71
5144 71
5145 71
5146 71
5147 71
5148 72
5149 71
5150 72
5151 71
5152 72
5153 72
5154 71
5155 70
5156 70
5157 70
5158 71
5159 71
5160 70
5161 71
5162 70
5163 70
5164 69
5165 69
5166 70
5167 71
5168 72
5169 72
5170 71
5171 72
5172 72
5173 71
5174 72
5175 71
5176 72
5177 73
5178 72
5179 72
5180 73
5181 74
5182 73
5183 74
5184 74
5185 74
5186 73
5187 72
5188 73
5189 73
5190 74
5191 75
5192 74
5193 73
5194 73
5195 73
5196 74
5197 73
5198 73
5199 74
5200 74
5201 74
5202 75
5203 74
5204 75
5205 76
5206 76
5207 76
5208 77
5209 78
5210 78
5211 78
5212 78
5213 79
5214 79
5215 78
5216 77
5217 78
5218 78
5219 79
5220 78
5221 78
5222 78
5223 78
5224 78
5225 79
5226 80
5227 79
5228 78
5229 77
5230 78
5231 78
5232 79
5233 78
5234 79
5235 80
5236 81
5237 81
5238 82
5239 82
5240 81
5241 81
5242 80
5243 81
5244 80
5245 79
5246 79
5247 78
5248 77
5249 78
5250 77
5251 76
5252 75
5253 75
5254 76
5255 77
5256 77
5257 78
5258 79
5259 80
5260 79
5261 78
5262 77
5263 77
5264 76
5265 75
5266 74
5267 73
5268 74
5269 75
5270 76
5271 75
5272 74
5273 75
5274 75
5275 75
5276 76
5277 77
5278 78
5279 79
5280 80
5281 81
5282 80
5283 79
5284 79
5285 78
5286 79
5287 78
5288 77
5289 78
5290 79
5291 79
5292 78
5293 78
5294 79
5295 78
5296 78
5297 77
5298 77
5299 78
5300 77
5301 76
5302 77
5303 78
5304 77
5305 77
5306 76
5307 75
5308 74
5309 73
5310 73
5311 72
5312 71
5313 72
5314 71
5315 72
5316 71
5317 70
5318 71
5319 70
5320 69
5321 68
5322 69
5323 68
5324 68
5325 68
5326 69
5327 68
5328 69
5329 68
5330 69
5331 69
5332 69
5333 68
5334 67
5335 68
5336 68
5337 68
5338 67
5339 66
5340 67
5341 68
5342 67
5343 66
5344 67
5345 68
5346 69
5347 70
5348 71
5349 72
5350 72
5351 71
5352 70
5353 69
5354 70
5355 70
5356 71
5357 71
5358 70
5359 69
5360 70
5361 69
5362 69
5363 69
5364 68
5365 69
5366 69
5367 68
5368 67
5369 68
5370 68
5371 67
5372 67
5373 67
5374 67
5375 67
5376 67
5377 67
5378 68
5379 68
5380 67
5381 66
5382 66
5383 66
5384 66
5385 65
5386 64
5387 63
5388 64
5389 63
5390 63
5391 64
5392 64
5393 63
5394 63
5395 64
5396 65
5397 64
5398 63
5399 63
5400 62
5401 62
5402 63
5403 64
5404 64
5405 63
5406 63
5407 64
5408 64
5409 63
5410 63
5411 64
5412 63
5413 62
5414 62
5415 62
5416 62
5417 63
5418 64
5419 65
5420 64
5421 65
5422 65
5423 65
5424 66
5425 65
5426 66
5427 65
5428 64
5429 65
5430 65
5431 64
5432 65
5433 64
5434 63
5435 62
5436 62
5437 63
5438 62
5439 63
5440 64
5441 65
5442 66
5443 65
5444 64
5445 64
5446 65
5447 66
5448 65
5449 66
5450 66
5451 65
5452 65
5453 64
5454 63
5455 64
5456 64
5457 65
5458 66
5459 66
5460 67
5461 67
5462 66
5463 66
5464 67
5465 67
5466 68
5467 67
5468 66
5469 65
5470 64
5471 63
5472 62
5473 63
5474 62
5475 62
5476 61
5477 60
5478 59
5479 59
5480 60
5481 61
5482 60
5483 61
5484 62
5485 62
5486 63
5487 63
5488 63
5489 64
5490 63
5491 62
5492 61
5493 61
5494 62
5495 61
5496 62
5497 63
5498 63
5499 64
5500 63
5501 64
5502 63
5503 62
5504 63
5505 62
5506 63
5507 63
5508 63
5509 62
5510 63
5511 63
5512 62
5513 61
5514 61
5515 60
5516 60
5517 59
5518 60
5519 59
5520 58
5521 59
5522 59
5523 59
5524 59
5525 59
5526 59
5527 58
5528 57
5529 56
5530 55
5531 55
5532 56
5533 55
5534 56
5535 57
5536 57
5537 58
5538 57
5539 56
5540 55
5541 54
5542 54
5543 53
5544 54
5545 53
5546 52
5547 52
5548 52
5549 53
5550 54
5551 55
5552 56
5553 55
5554 54
5555 53
5556 53
5557 52
5558 52
5559 53
5560 52
5561 52
5562 52
5563 51
5564 52
5565 52
5566 51
5567 51
5568 51
5569 51
5570 51
5571 51
5572 51
5573 50
5574 50
5575 50
5576 50
5577 51
5578 50
5579 51
5580 52
5581 53
5582 54
5583 55
5584 56
5585 56
5586 55
5587 55
5588 55
5589 56
5590 56
5591 56
5592 57
5593 56
5594 57
5595 57
5596 57
5597 56
5598 55
5599 56
5600 56
5601 57
5602 57
5603 57
5604 58
5605 59
5606 60
5607 60
5608 60
5609 61
5610 61
5611 61
5612 61
5613 61
5614 61
5615 61
5616 62
5617 63
5618 62
5619 61
5620 61
5621 62
5622 61
5623 60
5624 61
5625 60
5626 59
5627 59
5628 59
5629 58
5630 57
5631 58
5632 59
5633 59
5634 58
5635 57
5636 57
5637 57
5638 57
5639 56
5640 55
5641 54
5642 55
5643 54
5644 53
5645 52
5646 52
5647 53
5648 52
5649 53
5650 53
5651 53
5652 53
5653 53
5654 54
5655 54
5656 54
5657 55
5658 56
5659 57
5660 56
5661 55
5662 54
5663 53
5664 53
5665 53
5666 52
5667 51
5668 52
5669 51
5670 50
5671 49
5672 49
5673 48
5674 48
5675 48
5676 48
5677 49
5678 49
5679 49
5680 50
5681 51
5682 50
5683 50
5684 50
5685 49
5686 50
5687 49
5688 48
5689 48
5690 48
5691 47
5692 47
5693 48
5694 48
5695 47
5696 46
5697 47
5698 47
5699 46
5700 45
5701 44
5702 44
5703 44
5704 43
5705 44
5706 43
5707 44
5708 45
5709 46
5710 45
5711 44
5712 45
5713 45
5714 45
5715 45
5716 45
5717 46
5718 46
5719 46
5720 45
5721 44
5722 45
5723 44
5724 45
5725 45
5726 45
5727 44
5728 44
5729 43
5730 42
5731 42
5732 41
5733 42
5734 41
5735 41
5736 41
5737 40
5738 39
5739 39
5740 38
5741 39
5742 39
5743 40
5744 40
5745 40
5746 39
5747 38
5748 37
5749 36
5750 37
5751 36
5752 35
5753 34
5754 34
5755 33
5756 33
5757 32
5758 32
5759 33
5760 33
5761 34
5762 34
5763 35
5764 35
5765 35
5766 34
5767 33
5768 32
5769 33
5770 34
5771 33
5772 34
5773 34
5774 34
5775 33
5776 34
5777 34
5778 34
5779 33
5780 33
5781 34
5782 33
5783 34
5784 35
5785 34
5786 33
5787 32
5788 32
5789 32
5790 31
5791 30
5792 29
5793 29
5794 30
5795 31
5796 30
5797 29
5798 28
5799 28
5800 27
5801 28
5802 27
5803 28
5804 27
5805 27
5806 27
5807 26
5808 27
5809 26
5810 25
5811 26
5812 27
5813 28
5814 29
5815 29
5816 28
5817 29
5818 30
5819 30
5820 30
5821 29
5822 29
5823 30
5824 30
5825 30
5826 31
5827 30
5828 30
5829 31
5830 31
5831 32
5832 32
5833 33
5834 34
5835 33
5836 32
5837 31
5838 31
5839 31
5840 31
5841 32
5842 31
5843 31
5844 32
5845 31
5846 30
5847 31
5848 30
5849 29
5850 29
5851 30
5852 30
5853 29
5854 29
5855 28
5856 28
5857 28
5858 28
5859 27
5860 26
5861 26
5862 25
5863 26
5864 25
5865 24
5866 25
5867 25
5868 25
5869 25
5870 24
5871 23
5872 23
5873 23
5874 24
5875 23
5876 23
5877 22
5878 21
5879 21
5880 20
5881 21
5882 20
5883 21
5884 22
5885 23
5886 23
5887 23
5888 22
5889 23
5890 24
5891 24
5892 23
5893 22
5894 21
5895 21
5896 21
5897 20
5898 19
5899 18
5900 19
5901 18
5902 18
5903 17
5904 17
5905 16
5906 16
5907 15
5908 14
5909 15
5910 15
5911 15
5912 15
5913 16
5914 17
5915 17
5916 17
5917 16
5918 17
5919 18
5920 19
5921 20
5922 19
5923 19
5924 20
5925 20
5926 19
5927 19
5928 20
5929 19
5930 18
5931 18
5932 18
5933 18
5934 19
5935 18
5936 18
5937 17
5938 16
5939 17
5940 16
5941 16
5942 16
5943 16
5944 16
5945 15
5946 14
5947 13
5948 12
5949 13
5950 14
5951 14
5952 13
5953 12
5954 13
5955 12
5956 12
5957 13
5958 14
5959 15
5960 14
5961 15
5962 14
5963 15
5964 15
5965 14
5966 15
5967 14
5968 14
5969 15
5970 16
5971 17
5972 17
5973 17
5974 17
5975 18
5976 19
5977 20
5978 21
5979 20
5980 21
5981 22
5982 22
5983 23
5984 22
5985 21
5986 20
5987 21
5988 20
5989 19
5990 19
5991 19
5992 20
5993 21
5994 20
5995 20
5996 19
5997 18
5998 18
5999 18
6000 19
6001 19
6002 19
6003 18
6004 19
6005 18
6006 17
6007 17
6008 16
6009 15
6010 16
6011 17
6012 16
6013 16
6014 15
6015 14
6016 13
6017 12
6018 11
6019 11
6020 10
6021 11
6022 10
6023 9
6024 10
6025 10
6026 11
6027 12
6028 13
6029 12
6030 13
6031 14
6032 14
6033 14
6034 14
6035 14
6036 15
6037 15
6038 15
6039 16
6040 15
6041 14
6042 13
6043 12
6044 13
6045 12
6046 12
6047 13
6048 13
6049 14
6050 14
6051 15
6052 15
6053 16
6054 15
6055 16
6056 15
6057 16
6058 16
6059 15
6060 16
6061 16
6062 15
6063 15
6064 15
6065 15
6066 16
6067 15
6068 14
6069 13
6070 13
6071 12
6072 12
6073 13
6074 13
6075 13
6076 14
6077 13
6078 13
6079 13
6080 12
6081 13
6082 12
6083 13
6084 14
6085 13
6086 13
6087 13
6088 14
6089 14
6090 14
6091 15
6092 14
6093 15
6094 14
6095 14
6096 14
6097 13
6098 14
6099 15
6100 15
6101 15
6102 14
6103 15
6104 14
6105 15
6106 15
6107 14
6108 15
6109 14
6110 14
6111 15
6112 14
6113 14
6114 13
6115 12
6116 13
6117 13
6118 13
6119 14
6120 15
6121 14
6122 15
6123 14
6124 13
6125 14
6126 14
6127 15
6128 14
6129 14
6130 14
6131 14
6132 15
6133 16
6134 17
6135 16
6136 16
6137 15
6138 14
6139 15
6140 15
6141 15
6142 16
6143 17
6144 16
6145 17
6146 16
6147 15
6148 15
6149 16
6150 17
6151 17
6152 16
6153 16
6154 17
6155 16
6156 16
6157 17
6158 17
6159 16
6160 16
6161 17
6162 17
6163 18
6164 19
6165 19
6166 20
6167 21
6168 22
6169 21
6170 22
6171 22
6172 22
6173 22
6174 22
6175 21
6176 22
6177 22
6178 21
6179 21
6180 21
6181 20
6182 21
6183 22
6184 23
6185 22
6186 21
6187 22
6188 23
6189 23
6190 24
6191 23
6192 23
6193 23
6194 24
6195 24
6196 23
6197 22
6198 21
6199 20
6200 19
6201 20
6202 20
6203 21
6204 22
6205 22
6206 23
6207 23
6208 24
6209 23
6210 22
6211 23
6212 23
6213 22
6214 22
6215 22
6216 21
6217 21
6218 21
6219 20
6220 19
6221 18
6222 18
6223 19
6224 18
6225 18
6226 18
6227 17
6228 17
6229 18
6230 18
6231 19
6232 20
6233 19
6234 20
6235 21
6236 21
6237 22
6238 22
6239 22
6240 23
6241 23
6242 22
6243 22
6244 23
6245 24
6246 23
6247 22
6248 21
6249 21
6250 21
6251 21
6252 20
6253 19
6254 19
6255 18
6256 18
6257 17
6258 17
6259 17
6260 16
6261 17
6262 17
6263 16
6264 15
6265 14
6266 13
6267 14
6268 13
6269 14
6270 14
6271 13
6272 14
6273 15
6274 16
6275 17
6276 17
6277 16
6278 17
6279 18
6280 18
6281 18
6282 18
6283 19
6284 19
6285 18
6286 17
6287 17
6288 16
6289 16
6290 15
6291 14
6292 14
6293 14
6294 15
6295 16
6296 15
6297 14
6298 14
6299 13
6300 14
6301 13
6302 13
6303 13
6304 14
6305 13
6306 13
6307 12
6308 12
6309 12
6310 13
6311 12
6312 13
6313 12
6314 11
6315 12
6316 13
6317 13
6318 12
6319 13
6320 14
6321 13
6322 13
6323 14
6324 14
6325 13
6326 14
6327 14
6328 13
6329 13
6330 14
6331 13
6332 13
6333 13
6334 14
6335 13
6336 14
6337 14
6338 13
6339 13
6340 14
6341 13
6342 14
6343 13
6344 14
6345 15
6346 16
6347 16
6348 15
6349 16
6350 15
6351 15
6352 14
6353 14
6354 14
6355 14
6356 15
6357 14
6358 14
6359 15
6360 15
6361 14
6362 14
6363 13
6364 14
6365 14
6366 13
6367 14
6368 15
6369 15
6370 15
6371 16
6372 16
6373 16
6374 15
6375 14
6376 14
6377 15
6378 15
6379 16
6380 17
6381 18
6382 18
6383 19
6384 19
6385 20
6386 20
6387 20
6388 19
6389 20
6390 20
6391 21
6392 20
6393 21
6394 22
6395 21
6396 20
6397 19
6398 18
6399 17
6400 17
6401 17
6402 16
6403 17
6404 16
6405 15
6406 15
6407 16
6408 15
6409 16
6410 17
6411 16
6412 17
6413 17
6414 18
6415 18
6416 18
6417 17
6418 16
6419 16
6420 16
6421 17
6422 17
6423 18
6424 17
6425 17
6426 18
6427 18
6428 18
6429 17
6430 18
6431 17
6432 18
6433 17
6434 18
6435 17
6436 16
6437 15
6438 14
6439 14
6440 14
6441 15
6442 15
6443 14
6444 13
6445 13
6446 13
6447 13
6448 12
6449 13
6450 12
6451 12
6452 13
6453 13
6454 12
6455 11
6456 12
6457 11
6458 11
6459 10
6460 9
6461 9
6462 8
6463 8
6464 8
6465 7
6466 7
6467 6
6468 7
6469 7
6470 8
6471 7
6472 7
6473 7
6474 7
6475 7
6476 6
6477 6
6478 5
6479 4
6480 3
6481 2
6482 2
6483 1
6484 1
6485 2
6486 1
6487 1
6488 0
