0.0 1.0
0.01001001001001001 0.9980227772604111
0.02002002002002002 0.9920989278611685
0.03003003003003003 0.9822518773417481
0.04004004004004004 0.9685205653265598
0.050050050050050046 0.9509592915403253
0.06006006006006006 0.9296375010827771
0.07007007007007007 0.9046395098117981
0.08008008008008008 0.8760641709209582
0.09009009009009009 0.8440244840299503
0.10010010010010009 0.8086471483337551
0.11011011011011011 0.7700720615775812
0.12012012012012012 0.7284517668388609
0.13013013013013014 0.6839508493039655
0.14014014014014015 0.6367452854250605
0.15015015015015015 0.5870217470308187
0.16016016016016016 0.5349768631428518
0.17017017017017017 0.4808164424169648
0.18018018018018017 0.42475465928404793
0.19019019019019018 0.3670132070089654
0.20020020020020018 0.30782042101662793
0.21021021021021022 0.24741037595200252
0.22022022022022023 0.18602196004469201
0.23023023023023023 0.12389793043845522
0.24024024024024024 0.06128395322131638
0.2502502502502503 -0.001572368047584636
0.2602602602602603 -0.06442247147276828
0.2702702702702703 -0.12701781974687876
0.2802802802802803 -0.1891108829779164
0.2902902902902903 -0.2504561175326985
0.3003003003003003 -0.31081093702577123
0.3103103103103103 -0.36993667161404314
0.3203203203203203 -0.42759951180366895
0.3303303303303303 -0.4835714330369443
0.34034034034034033 -0.5376310974029872
0.35035035035035034 -0.5895647289064391
0.36036036036036034 -0.6391669588329847
0.37037037037037035 -0.6862416378687335
0.38038038038038036 -0.7306026117619886
0.39039039039039036 -0.7720744574600859
0.40040040040040037 -0.8104931768102919
0.41041041041041043 -0.8457068450815561
0.42042042042042044 -0.8775762117425776
0.43043043043043044 -0.9059752511204399
0.44044044044044045 -0.930791660762262
0.45045045045045046 -0.9519273055291265
0.46046046046046046 -0.9692986056661355
0.47047047047047047 -0.9828368673139948
0.4804804804804805 -0.992488554155135
0.4904904904904905 -0.9982154991201608
0.5005005005005005 -0.9999950553174459
0.5105105105105106 -0.9978201855890307
0.5205205205205206 -0.9916994903386808
0.5305305305305306 -0.9816571735220582
0.5405405405405406 -0.9677329469334989
0.5505505505505506 -0.949981873167887
0.5605605605605606 -0.9284741478786256
0.5705705705705706 -0.9032948221927524
0.5805805805805806 -0.8745434663808943
0.5905905905905906 -0.8423337761120617
0.6006006006006006 -0.8067931228503242
0.6106106106106106 -0.7680620501712998
0.6206206206206206 -0.7262937179902472
0.6306306306306306 -0.6816532968995329
0.6406406406406406 -0.634317315010528
0.6506506506506506 -0.5844729598828149
0.6606606606606606 -0.5323173383011922
0.6706706706706707 -0.4780566968276366
0.6806806806806807 -0.4219056062105194
0.6906906906906907 -0.3640861128762842
0.7007007007007007 -0.30482686085895394
0.7107107107107107 -0.2443621876397672
0.7207207207207207 -0.18293119747238726
0.7307307307307307 -0.1207768158581612
0.7407407407407407 -0.05814482891047624
0.7507507507507507 0.004717088593031313
0.7607607607607607 0.06756035262687816
0.7707707707707707 0.1301364529297071
0.7807807807807807 0.19219793572457194
0.7907907907907907 0.25349938226140434
0.8008008008008007 0.31379837931207794
0.8108108108108109 0.3728564777803084
0.8208208208208209 0.4304401356355984
0.8308308308308309 0.4863216414424667
0.8408408408408409 0.5402800148329067
0.8508508508508509 0.5921018803612013
0.8608608608608609 0.6415823112854881
0.8708708708708709 0.6885256399393924
0.8808808808808809 0.7327462314891398
0.8908908908908909 0.7740692180163904
0.9009009009009009 0.812331190023886
0.9109109109109109 0.8473808426293961
0.9209209209209209 0.8790795738926286
0.9309309309309309 0.9073020329090443
0.9409409409409409 0.9319366155031737
0.950950950950951 0.9528859055612469
0.960960960960961 0.9700670602579007
0.970970970970971 0.9834121376536186
0.980980980980981 0.9928683653674237
0.990990990990991 0.998398349262383
1.001001001001001 0.9999802213186832
1.011011011011011 0.9976077261095225
1.021021021021021 0.9912902455378554
1.031031031031031 0.9810527617361681
1.0410410410410411 0.9669357582759982
1.0510510510510511 0.9489950600778587
1.0610610610610611 0.9273016126546324
1.0710710710710711 0.9019412015614094
1.0810810810810811 0.8730141131611882
1.0910910910910911 0.8406347380479183
1.1011011011011012 0.8049311186951347
1.1111111111111112 0.7660444431189781
1.1211211211211212 0.72412848655788
1.1311311311311312 0.6793490033767697
1.1411411411411412 0.6318830716004724
1.1511511511511512 0.5819183926683149
1.1611611611611612 0.5296525491790206
1.1711711711711712 0.4752922235610904
1.1811811811811812 0.4190523807584099
1.1911911911911912 0.3611554181631015
1.2012012012012012 0.30183028615715657
1.2112112112112112 0.2413115827406394
1.2212212212212212 0.17983862582668034
1.2312312312312312 0.11765450687183855
1.2412412412412412 0.05500512958419341
1.2512512512512513 -0.007861762489467534
1.2612612612612613 -0.07069756565199452
1.2712712712712713 -0.1332537991456392
1.2812812812812813 -0.1952830877556692
1.2912912912912913 -0.25654014004216474
1.3013013013013013 -0.31678271833164295
1.3113113113113113 -0.37577259663273127
1.3213213213213213 -0.4332765026878681
1.3313313313313313 -0.4890670404357169
1.3413413413413413 -0.5429235892364983
1.3513513513513513 -0.594633176304286
1.3613613613613613 -0.6439913188962683
1.3713713713713713 -0.69080283292861
1.3813813813813813 -0.7348826048212753
1.3913913913913913 -0.7760563235195788
1.4014014014014013 -0.8141611697977519
1.4114114114114114 -0.8490464601186973
1.4214214214214214 -0.8805742425038144
1.4314314314314314 -0.908619842056582
1.4414414414414414 -0.9330723539826369
1.4514514514514514 -0.9538350821567402
1.4614614614614614 -0.9708259215023276
1.4714714714714714 -0.9839776826715613
1.4814814814814814 -0.9932383577419429
1.4914914914914914 -0.9985713258788059
1.5015015015015014 -0.999955498150411
1.5115115115115114 -0.9973854009229762
1.5215215215215214 -0.9908711975058637
1.5315315315315314 -0.9804386479613271
1.5415415415415414 -0.9661290072377483
1.5515515515515514 -0.9479988620291956
1.5615615615615615 -0.9261199070064267
1.5715715715715715 -0.9005786613042189
1.5815815815815815 -0.8714761263861728
1.5915915915915915 -0.8389273866399275
1.6016016016016015 -0.8030611542822266
1.6116116116116117 -0.7640192603734688
1.6216216216216217 -0.7219560939545248
1.6316316316316317 -0.6770379915236763
1.6416416416416417 -0.6294425792680153
1.6516516516516517 -0.5793580706503675
1.6616616616616617 -0.5269825221294097
1.6716716716716717 -0.4725230499562115
1.6816816816816818 -0.4161950111443084
1.6916916916916918 -0.3582211518521277
1.7017017017017018 -0.2988307265454595
1.7117117117117118 -0.23825859142316422
1.7217217217217218 -0.17674427569114207
1.7317317317317318 -0.1145310343571408
1.7417417417417418 -0.0518648862921004
1.7517517517517518 0.0110063586380641
1.7617617617617618 0.07383407952307187
1.7717717717717718 0.1363698275661004
1.7817817817817818 0.19836630856101212
1.7917917917917918 0.25957836080381536
1.8018018018018018 0.31976392457124553
1.8118118118118118 0.3786849993327492
1.8218218218218218 0.43610858491061066
1.8318318318318318 0.4918076028664418
1.8418418418418419 0.5455617944704909
1.8518518518518519 0.5971585917027857
1.8618618618618619 0.6463939578417692
1.8718718718718719 0.6930731943163961
1.8818818818818819 0.7370117106310208
1.8918918918918919 0.7780357543184394
1.901901901901902 0.8159830980345548
1.911911911911912 0.850703681077561
1.921921921921922 0.8820602027948112
1.931931931931932 0.9099286655307568
1.941941941941942 0.9341988649689195
1.951951951951952 0.9547748259288534
1.961961961961962 0.9715751818947602
1.971971971971972 0.9845334967749417
1.981981981981982 0.9935985276197029
1.991991991991992 0.9987344272588006
2.002002002002002 0.9999208860571255
2.012012012012012 0.9971532122280463
2.022022022022022 0.9904423503868244
2.032032032032032 0.9798148382707293
2.042042042042042 0.9653127017970031
2.052052052052052 0.9469932888736629
2.062062062062062 0.924929042620325
2.0720720720720722 0.8992072148958365
2.0820820820820822 0.8699295212655591
2.0920920920920922 0.8372117387727108
2.1021021021021022 0.8011832481043573
2.1121121121121122 0.7619865219625445
2.1221221221221223 0.7197765616637637
2.1321321321321323 0.6747202841946924
2.1421421421421423 0.6269958621480779
2.1521521521521523 0.5767920191489301
2.1621621621621623 0.5243072835572317
2.1721721721721723 0.46974920339837034
2.1821821821821823 0.4133335256257846
2.1921921921921923 0.35528334296139374
2.2022022022022023 0.2958282116876021
2.2122122122122123 0.2352032438794891
2.2222222222222223 0.1736481776669307
2.2322322322322323 0.11140642920322809
2.2422422422422423 0.04872413008921144
2.2522522522522523 -0.014150845940761584
2.2622622622622623 -0.07696986322197939
2.2722722722722724 -0.13948450737554613
2.2822822822822824 -0.20144756764950453
2.2922922922922924 -0.26261401450028177
2.3023023023023024 -0.3227419685486496
2.3123123123123124 -0.3815936570785477
2.3223223223223224 -0.43893635429633027
2.3323323323323324 -0.49454330163221893
2.3423423423423424 -0.5481946044447089
2.3523523523523524 -0.5996781015819445
2.3623623623623624 -0.6487902043614173
2.3723723723723724 -0.6953367016503184
2.3823823823823824 -0.7391335278628707
2.3923923923923924 -0.7800074908376582
2.4024024024024024 -0.8177969567165779
2.4124124124124124 -0.8523524891171236
2.4224224224224224 -0.8835374400704151
2.4324324324324325 -0.9112284903881358
2.4424424424424425 -0.9353161373215425
2.4524524524524525 -0.9557051275841167
2.4624624624624625 -0.972314834025489
2.4724724724724725 -0.9850795744671113
2.4824824824824825 -0.9939488714388521
2.4924924924924925 -0.9988876517893979
2.5025025025025025 -0.9998763853811184
2.5125125125125125 -0.996911162320932
2.5225225225225225 -0.9900037084217639
2.5325325325325325 -0.9791813388334583
2.5425425425425425 -0.9644868500265072
2.5525525525525525 -0.9459783505557431
2.5625625625625625 -0.9237290312732233
2.5725725725725725 -0.8978268758989997
2.5825825825825826 -0.868374313094293
2.5925925925925926 -0.8354878114129365
2.6026026026026026 -0.7992974187328299
2.6126126126126126 -0.7599462479886991
2.6226226226226226 -0.7175899112397892
2.6326326326326326 -0.6723959043104736
2.6426426426426426 -0.6245429444371396
2.6526526526526526 -0.5742202635406239
2.6626626626626626 -0.5216268599188977
2.6726726726726726 -0.46697071131914747
2.6826826826826826 -0.41046795250111606
2.6926926926926926 -0.3523420205439661
2.7027027027027026 -0.29282277127655165
2.7127127127127126 -0.23214557032506236
2.7227227227227226 -0.17055036237248997
2.7327327327327327 -0.10828072231046157
2.7427427427427427 -0.045582892035614
2.7527527527527527 0.017295193300575194
2.7627627627627627 0.08010488573780541
2.7727727727727727 0.14259780777176972
2.7827827827827827 0.20452683454945028
2.7927927927927927 0.2656470711108762
2.8028028028028027 0.3257168208128876
2.8128128128128127 0.3844985411053467
2.8228228228228227 0.4417597828801813
2.8328328328328327 0.4972741096787228
2.8428428428428427 0.5508219931223332
2.8528528528528527 0.6021916810254092
2.8628628628628627 0.6511800347578558
2.8728728728728727 0.6975933325457209
2.8828828828828827 0.7412480355333986
2.8928928928928928 0.7819715135780119
2.9029029029029028 0.8196027279059107
2.9129129129129128 0.8539928679317204
2.9229229229229228 0.8850059397216873
2.932932932932933 0.9125193037742748
2.942942942942943 0.9364241599913914
2.952952952952953 0.9566259779224371
2.962962962962963 0.9730448705798235
2.972972972972973 0.9856159103477082
2.982982982982983 0.9942893857347129
2.992992992992993 0.9990309979553043
3.003003003003003 0.9998219965624732
3.013013013013013 0.9966592535953531
3.023023023023023 0.9895552759485722
3.033033033033033 0.97853815591442
3.043043043043043 0.963651460093409
3.053053053053053 0.9449540571125284
3.063063063063063 0.9225198848324699
3.073073073073073 0.896437657964383
3.083083083083083 0.866810517252394
3.093093093093093 0.8337556216091526
3.103103103103103 0.7974036848172997
3.113113113113113 0.7578984586289415
3.123123123123123 0.7153961643071846
3.133133133133133 0.6700648748576596
3.143143143143143 0.6220838503929982
3.153153153153153 0.5716428292584804
3.163163163163163 0.5189412777220972
3.173173173173173 0.46418760119606706
3.183183183183183 0.4075983201089967
3.193193193193193 0.34939721368765425
3.203203203203203 0.28981443503420407
3.2132132132132134 0.22908560099832895
3.2232232232232234 0.16745086044324467
3.2332332332332334 0.10515394459009617
3.2432432432432434 0.0424412031961492
3.2532532532532534 -0.020439369621911185
3.2632632632632634 -0.08323911606717295
3.2732732732732734 -0.14570969796621214
3.2832832832832834 -0.20760407880885648
3.2932932932932935 -0.26867750064059626
3.3033033033033035 -0.3286884519445677
3.3133133133133135 -0.3873996226856924
3.3233233233233235 -0.4445788427402525
3.3333333333333335 -0.5000000000000003
3.3433433433433435 -0.5534439345201593
3.3533533533533535 -0.6046993051754765
3.3633633633633635 -0.653563425397178
3.3733733733733735 -0.6998430646859646
3.3833833833833835 -0.7433552127314698
3.3933933933933935 -0.7839278031165657
3.4034034034034035 -0.8214003937446256
3.4134134134134135 -0.8556248012990472
3.4234234234234235 -0.8864656872260994
3.4334334334334335 -0.9138010929238527
3.4434434434434436 -0.9375229220208271
3.4534534534534536 -0.9575373678371908
3.4634634634634636 -0.9737652843381669
3.4734734734734736 -0.9861424991127116
3.4834834834834836 -0.994620067139815
3.4934934934934936 -0.9991644643389177
3.5035035035035036 -0.9997577201390606
3.5135135135135136 -0.9963974885425265
3.5235235235235236 -0.9890970574019614
3.5335335335335336 -0.977885295874285
3.5435435435435436 -0.9628065402591841
3.5535535535535536 -0.9439204186736336
3.5635635635635636 -0.9213016152557546
3.5735735735735736 -0.8950395748304684
3.5835835835835836 -0.8652381492048085
3.5935935935935936 -0.8320151864916135
3.6036036036036037 -0.7955020650855895
3.6136136136136137 -0.7558431741346113
3.6236236236236237 -0.7131953425607115
3.6336336336336337 -0.6677272188886495
3.6436436436436437 -0.6196186043345293
3.6536536536536537 -0.5690597417916841
3.6636636636636637 -0.5162505635255286
3.6736736736736737 -0.46139990055231656
3.6836836836836837 -0.4047246568282756
3.6936936936936937 -0.3464489515147251
3.7037037037037037 -0.28680323271109137
3.7137137137137137 -0.22602336616044968
3.7237237237237237 -0.16434970253130624
3.7337337337337337 -0.10202612696398367
3.7437437437437437 -0.039299094640133904
3.7537537537537538 0.02358334381085485
3.7637637637637638 0.08637252321452688
3.7737737737737738 0.14882014718424805
3.7837837837837838 0.2106792699957259
3.793793793793794 0.27170527312041265
3.803803803803804 0.33165683255613965
3.813813813813814 0.3902968731297233
3.823823823823824 0.44739350599782524
3.833833833833834 0.5027209456387206
3.843843843843844 0.5560604027088469
3.853853853853854 0.6072009492333315
3.863863863863864 0.6559403527091678
3.873873873873874 0.7020858758226206
3.883883883883884 0.7454550386184347
3.893893893893894 0.7858763401068538
3.903903903903904 0.8231899364549446
3.913913913913914 0.8572482730803165
3.923923923923924 0.887916668147673
3.933933933933934 0.9150738451607848
3.943943943943944 0.9386124125437885
3.953953953953954 0.9584392883153081
3.963963963963964 0.9744760681760829
3.973973973973974 0.9866593355544918
3.983983983983984 0.9949409123839288
3.993993993993994 0.99928804962034
4.004004004004004 0.9996835567465338
4.014014014014014 0.9961258697511428
4.024024024024024 0.9886290573134224
4.034034034034034 0.9772227651694252
4.044044044044044 0.961952098879554
4.054054054054054 0.9428774454610842
4.064064064064064 0.9200742345909912
4.074074074074074 0.8936326403234118
4.084084084084084 0.8636572245012599
4.094094094094094 0.8302665232721197
4.104104104104104 0.7935925783435134
4.114114114114114 0.7537804148311699
4.124124124124124 0.7109874677651024
4.134134134134134 0.6653829595213789
4.1441441441441444 0.6171472306414544
4.1541541541541545 0.5664710266853326
4.1641641641641645 0.5135547439386499
4.1741741741741745 0.4586076369564917
4.1841841841841845 0.4018469910776515
4.1941941941941945 0.3434972631816231
4.2042042042042045 0.28378919408609615
4.2142142142142145 0.222958896094976
4.2242242242242245 0.16124691930515056
4.2342342342342345 0.09889730036424751
4.2442442442442445 0.03615659744101975
4.2542542542542545 -0.02672708477550465
4.2642642642642645 -0.08950507619246695
4.2742742742742745 -0.1519291246655165
4.2842842842842845 -0.21375237769837704
4.2942942942942945 -0.2747303586075847
4.3043043043043046 -0.3346219332922004
4.314314314314315 -0.39319026378547844
4.324324324324325 -0.4502037448176733
4.334334334334335 -0.505436919686465
4.344344344344345 -0.5586713718131929
4.354354354354355 -0.6096965884593082
4.364364364364365 -0.6583107931875177
4.374374374374375 -0.7043217437757158
4.384384384384385 -0.7475474924283533
4.394394394394395 -0.7878171052790869
4.404404404404405 -0.8249713383394306
4.414414414414415 -0.8588632672204267
4.424424424424425 -0.8893588681371312
4.434434434434435 -0.9163375478983626
4.444444444444445 -0.9396926207859081
4.454454454454455 -0.9593317304373701
4.464464464464465 -0.9751772150643723
4.474474474474475 -0.9871664145618659
4.484484484484485 -0.9952519182940992
4.494494494494495 -0.9994017525773913
4.504504504504505 -0.9995995071183217
4.514514514514515 -0.9958443999073396
4.524524524524525 -0.9881512803111796
4.534534534534535 -0.9765505703518492
4.544544544544545 -0.9610881444044025
4.554554554554555 -0.9418251477892243
4.564564564564565 -0.9188377549761966
4.574574574574575 -0.8922168683569042
4.584584584584585 -0.8620677587760917
4.594594594594595 -0.828509649243842
4.604604604604605 -0.7916752434746849
4.614614614614615 -0.7517102011179924
4.624624624624625 -0.7087725617548395
4.634634634634635 -0.6630321199390876
4.644644644644645 -0.6146697537540928
4.654654654654655 -0.563876709540178
4.664664664664665 -0.5108538456214082
4.674674674674675 -0.4558108380223004
4.684684684684685 -0.3989653513154182
4.694694694694695 -0.3405421778786751
4.704704704704705 -0.2807723489661503
4.714714714714715 -0.21989222110757814
4.724724724724725 -0.15814254144934076
4.734734734734735 -0.09576749573300337
4.744744744744745 -0.033013742676112415
4.754754754754755 0.029870561426251278
4.764764764764765 0.09263674402202599
4.774774774774775 0.15503659966419703
4.784784784784785 0.2168233715257189
4.794794794794795 0.2777527271859308
4.804804804804805 0.337583724829793
4.814814814814815 0.3960797660391548
4.824824824824825 0.45300953140831257
4.834834834834835 0.5081478952839683
4.844844844844845 0.5612768160123646
4.854854854854855 0.6121861981731136
4.864864864864865 0.6606747233900818
4.874874874874875 0.7065506464339305
4.884884884884885 0.7496325534681811
4.894894894894895 0.789750079440325
4.904904904904905 0.8267445817811458
4.914914914914915 0.8604697677481075
4.924924924924925 0.8907922729320285
4.934934934934935 0.9175921886393668
4.944944944944945 0.9407635360646102
4.954954954954955 0.960214685377689
4.964964964964965 0.9758687180691358
4.974974974974975 0.9876637311201432
4.984984984984985 0.9955530817946746
4.994994994994995 0.9995055720856215
5.005005005005005 0.9995055720856216
5.015015015015015 0.9955530817946748
5.025025025025025 0.9876637311201435
5.035035035035035 0.9758687180691363
5.045045045045045 0.9602146853776896
5.055055055055055 0.940763536064611
5.065065065065065 0.9175921886393678
5.075075075075075 0.8907922729320296
5.085085085085085 0.8604697677481087
5.095095095095095 0.8267445817811472
5.105105105105105 0.7897500794403287
5.115115115115115 0.7496325534681828
5.125125125125125 0.7065506464339348
5.135135135135135 0.6606747233900809
5.145145145145145 0.6121861981731155
5.155155155155155 0.5612768160123637
5.165165165165165 0.5081478952839704
5.175175175175175 0.4530095314083179
5.185185185185185 0.396079766039157
5.195195195195195 0.3375837248297953
5.205205205205205 0.27775272718592975
5.215215215215215 0.2168233715257213
5.225225225225225 0.15503659966420297
5.235235235235235 0.09263674402202841
5.245245245245245 0.029870561426257276
5.255255255255255 -0.03301374267611352
5.265265265265265 -0.09576749573300093
5.275275275275275 -0.15814254144934187
5.285285285285285 -0.21989222110757575
5.295295295295295 -0.2807723489661445
5.305305305305305 -0.3405421778786728
5.315315315315315 -0.3989653513154127
5.325325325325325 -0.4558108380223014
5.335335335335335 -0.5108538456214061
5.345345345345345 -0.5638767095401789
5.355355355355355 -0.6146697537540909
5.365365365365365 -0.6630321199390831
5.375375375375375 -0.7087725617548377
5.385385385385385 -0.7517102011179908
5.395395395395395 -0.7916752434746855
5.405405405405405 -0.8285096492438406
5.415415415415415 -0.8620677587760885
5.425425425425425 -0.8922168683569031
5.435435435435435 -0.9188377549761942
5.445445445445445 -0.9418251477892247
5.455455455455455 -0.9610881444044017
5.465465465465465 -0.9765505703518494
5.475475475475475 -0.9881512803111792
5.485485485485485 -0.9958443999073391
5.495495495495495 -0.9995995071183216
5.505505505505505 -0.9994017525773915
5.515515515515515 -0.9952519182940991
5.525525525525525 -0.9871664145618663
5.535535535535535 -0.975177215064372
5.545545545545545 -0.9593317304373709
5.555555555555555 -0.9396926207859102
5.565565565565565 -0.9163375478983635
5.575575575575575 -0.8893588681371323
5.585585585585585 -0.8588632672204262
5.595595595595595 -0.8249713383394319
5.605605605605605 -0.7878171052790905
5.615615615615615 -0.7475474924283549
5.625625625625625 -0.70432174377572
5.635635635635635 -0.6583107931875196
5.645645645645645 -0.6096965884593102
5.655655655655655 -0.558671371813192
5.665665665665665 -0.5054369196864671
5.675675675675675 -0.45020374481767866
5.685685685685685 -0.3931902637854807
5.6956956956956954 -0.3346219332922061
5.7057057057057055 -0.27473035860758366
5.7157157157157155 -0.21375237769837943
5.7257257257257255 -0.1519291246655154
5.7357357357357355 -0.08950507619246939
5.7457457457457455 -0.026727084775510654
5.7557557557557555 0.0361565974410173
5.7657657657657655 0.09889730036424507
5.7757757757757755 0.16124691930515164
5.7857857857857855 0.2229588960949736
5.7957957957957955 0.28378919408609043
5.8058058058058055 0.34349726318162077
5.8158158158158155 0.401846991077646
5.8258258258258255 0.4586076369564895
5.8358358358358355 0.5135547439386478
5.8458458458458455 0.5664710266853336
5.8558558558558556 0.6171472306414525
5.865865865865866 0.6653829595213745
5.875875875875876 0.7109874677651006
5.885885885885886 0.7537804148311659
5.895895895895896 0.793592578343514
5.905905905905906 0.8302665232721184
5.915915915915916 0.8636572245012605
5.925925925925926 0.8936326403234107
5.935935935935936 0.9200742345909889
5.945945945945946 0.9428774454610834
5.955955955955956 0.9619520988795534
5.965965965965966 0.9772227651694254
5.975975975975976 0.9886290573134221
5.985985985985986 0.9961258697511423
5.995995995995996 0.9996835567465338
6.006006006006006 0.9992880496203402
6.016016016016016 0.994940912383929
6.026026026026026 0.9866593355544928
6.036036036036036 0.9744760681760835
6.046046046046046 0.9584392883153098
6.056056056056056 0.9386124125437917
6.066066066066066 0.9150738451607873
6.076076076076076 0.8879166681476757
6.086086086086086 0.8572482730803177
6.096096096096096 0.823189936454948
6.106106106106106 0.7858763401068554
6.116116116116116 0.7454550386184386
6.126126126126126 0.7020858758226274
6.136136136136136 0.6559403527091696
6.146146146146146 0.6072009492333362
6.156156156156156 0.5560604027088489
6.166166166166166 0.5027209456387258
6.176176176176176 0.44739350599782746
6.186186186186186 0.3902968731297288
6.196196196196196 0.3316568325561453
6.206206206206206 0.271705273120415
6.216216216216216 0.21067926999573175
6.226226226226226 0.14882014718425046
6.236236236236236 0.08637252321453286
6.246246246246246 0.023583343810864407
6.256256256256256 -0.03929909464012791
6.266266266266266 -0.1020261269639777
6.276276276276276 -0.16434970253130382
6.286286286286286 -0.22602336616044383
6.296296296296296 -0.28680323271108904
6.306306306306306 -0.3464489515147195
6.316316316316316 -0.40472465682826686
6.326326326326326 -0.46139990055231433
6.336336336336336 -0.5162505635255235
6.346346346346346 -0.5690597417916821
6.356356356356356 -0.6196186043345246
6.366366366366366 -0.6677272188886477
6.376376376376376 -0.7131953425607073
6.386386386386386 -0.7558431741346073
6.396396396396396 -0.7955020650855881
6.406406406406406 -0.8320151864916102
6.416416416416417 -0.8652381492048072
6.426426426426427 -0.8950395748304688
6.436436436436437 -0.9213016152557537
6.446446446446447 -0.943920418673634
6.456456456456457 -0.9628065402591844
6.466466466466467 -0.977885295874286
6.476476476476477 -0.9890970574019615
6.486486486486487 -0.9963974885425263
6.496496496496497 -0.9997577201390606
6.506506506506507 -0.9991644643389178
6.516516516516517 -0.9946200671398145
6.526526526526527 -0.9861424991127115
6.536536536536537 -0.9737652843381674
6.546546546546547 -0.9575373678371905
6.556556556556557 -0.937522922020828
6.566566566566567 -0.9138010929238523
6.576576576576577 -0.8864656872260989
6.586586586586587 -0.8556248012990448
6.596596596596597 -0.8214003937446249
6.606606606606607 -0.7839278031165672
6.616616616616617 -0.743355212731469
6.626626626626627 -0.6998430646859664
6.636636636636637 -0.6535634253971773
6.646646646646647 -0.6046993051754757
6.656656656656657 -0.5534439345201554
6.666666666666667 -0.4999999999999994
6.676676676676677 -0.4445788427402547
6.686686686686687 -0.3873996226856914
6.696696696696697 -0.32868845194457
6.706706706706707 -0.26867750064059176
6.716716716716717 -0.2076040788088554
6.726726726726727 -0.14570969796621455
6.736736736736737 -0.08323911606717185
6.746746746746747 -0.020439369621913634
6.756756756756757 0.0424412031961503
6.766766766766767 0.10515394459009726
6.776776776776777 0.16745086044324925
6.786786786786787 0.22908560099833003
6.796796796796797 0.2898144350341983
6.806806806806807 0.349397213687652
6.816816816816817 0.4075983201089945
6.826826826826827 0.464187601196068
6.836836836836837 0.5189412777220951
6.846846846846847 0.5716428292584814
6.856856856856857 0.6220838503929962
6.866866866866867 0.6700648748576552
6.876876876876877 0.7153961643071829
6.886886886886887 0.7578984586289398
6.896896896896897 0.7974036848173004
6.906906906906907 0.8337556216091512
6.916916916916917 0.866810517252391
6.926926926926927 0.8964376579643819
6.936936936936937 0.9225198848324677
6.946946946946947 0.9449540571125288
6.956956956956957 0.9636514600934083
6.966966966966967 0.9785381559144202
6.976976976976977 0.9895552759485718
6.986986986986987 0.9966592535953527
6.996996996996997 0.9998219965624732
7.007007007007007 0.9990309979553045
7.017017017017017 0.9942893857347128
7.027027027027027 0.9856159103477087
7.037037037037037 0.9730448705798233
7.047047047047047 0.9566259779224379
7.057057057057057 0.9364241599913935
7.067067067067067 0.9125193037742758
7.077077077077077 0.8850059397216884
7.087087087087087 0.8539928679317198
7.097097097097097 0.8196027279059122
7.107107107107107 0.7819715135780156
7.117117117117117 0.7412480355334002
7.127127127127127 0.6975933325457252
7.137137137137137 0.651180034757855
7.147147147147147 0.6021916810254111
7.157157157157157 0.5508219931223323
7.167167167167167 0.49727410967872493
7.177177177177177 0.4417597828801867
7.187187187187187 0.384498541105349
7.197197197197197 0.32571682081289327
7.207207207207207 0.26564707111087515
7.217217217217217 0.20452683454945267
7.227227227227227 0.14259780777176861
7.237237237237237 0.08010488573780786
7.247247247247247 0.017295193300581192
7.257257257257257 -0.04558289203561155
7.267267267267267 -0.10828072231045913
7.277277277277277 -0.17055036237249108
7.287287287287287 -0.23214557032505997
7.297297297297297 -0.29282277127654593
7.307307307307307 -0.3523420205439638
7.317317317317317 -0.41046795250111057
7.327327327327327 -0.46697071131914847
7.337337337337337 -0.5216268599188956
7.347347347347347 -0.5742202635406248
7.357357357357357 -0.6245429444371378
7.367367367367367 -0.6723959043104691
7.377377377377377 -0.7175899112397875
7.387387387387387 -0.7599462479886953
7.397397397397397 -0.7992974187328306
7.407407407407407 -0.8354878114129352
7.4174174174174174 -0.8683743130942936
7.4274274274274275 -0.8978268758989986
7.4374374374374375 -0.9237290312732209
7.4474474474474475 -0.9459783505557423
7.4574574574574575 -0.9644868500265061
7.4674674674674675 -0.9791813388334581
7.4774774774774775 -0.9900037084217636
7.4874874874874875 -0.9969111623209316
7.4974974974974975 -0.9998763853811183
7.5075075075075075 -0.998887651789398
7.5175175175175175 -0.9939488714388522
7.5275275275275275 -0.985079574467112
7.5375375375375375 -0.9723148340254887
7.5475475475475475 -0.9557051275841175
7.5575575575575575 -0.9353161373215446
7.5675675675675675 -0.911228490388136
7.5775775775775776 -0.883537440070417
7.587587587587588 -0.8523524891171239
7.597597597597598 -0.8177969567165794
7.607607607607608 -0.7800074908376575
7.617617617617618 -0.7391335278628723
7.627627627627628 -0.6953367016503214
7.637637637637638 -0.6487902043614178
7.647647647647648 -0.5996781015819478
7.657657657657658 -0.5481946044447095
7.667667667667668 -0.49454330163222104
7.677677677677678 -0.43893635429633565
7.687687687687688 -0.38159365707855
7.697697697697698 -0.3227419685486536
7.707707707707708 -0.26261401450028243
7.717717717717718 -0.20144756764950866
7.727727727727728 -0.13948450737554502
7.737737737737738 -0.07696986322198184
7.747747747747748 -0.014150845940767586
7.757757757757758 0.04872413008921077
7.767767767767768 0.11140642920322388
7.777777777777778 0.17364817766693003
7.787787787787788 0.23520324387948674
7.797797797797798 0.29582821168760315
7.807807807807808 0.35528334296139147
7.817817817817818 0.41333352562577913
7.827827827827828 0.4697492033983698
7.837837837837838 0.5243072835572281
7.847847847847848 0.5767920191489296
7.857857857857858 0.626995862148076
7.867867867867868 0.674720284194688
7.877877877877878 0.719776561663762
7.887887887887888 0.7619865219625417
7.897897897897898 0.8011832481043568
7.907907907907908 0.8372117387727085
7.917917917917918 0.8699295212655597
7.927927927927928 0.8992072148958354
7.937937937937938 0.9249290426203228
7.947947947947948 0.9469932888736626
7.957957957957958 0.965312701797002
7.967967967967968 0.9798148382707292
7.977977977977978 0.990442350386824
7.987987987987988 0.9971532122280464
7.997997997997998 0.9999208860571255
8.008008008008009 0.9987344272588005
8.018018018018019 0.9935985276197024
8.028028028028029 0.9845334967749415
8.038038038038039 0.9715751818947604
8.048048048048049 0.9547748259288525
8.058058058058059 0.9341988649689197
8.068068068068069 0.9099286655307549
8.078078078078079 0.8820602027948107
8.088088088088089 0.8507036810775586
8.098098098098099 0.8159830980345532
8.108108108108109 0.7780357543184397
8.118118118118119 0.7370117106310188
8.128128128128129 0.6930731943163967
8.138138138138139 0.6463939578417657
8.148148148148149 0.5971585917027848
8.158158158158159 0.545561794470493
8.168168168168169 0.49180760286643926
8.178178178178179 0.4361085849106113
8.188188188188189 0.3786849993327465
8.198198198198199 0.31976392457124453
8.208208208208209 0.25957836080381086
8.218218218218219 0.19836630856101103
8.228228228228229 0.13636982756610105
8.238238238238239 0.073834079523069
8.248248248248249 0.011006358638064774
8.258258258258259 -0.05186488629210505
8.268268268268269 -0.1145310343571419
8.278278278278279 -0.17674427569114665
8.288288288288289 -0.23825859142316702
8.298298298298299 -0.2988307265454589
8.308308308308309 -0.3582211518521304
8.318318318318319 -0.4161950111443078
8.328328328328329 -0.47252304995621563
8.338338338338339 -0.5269825221294107
8.348348348348349 -0.5793580706503655
8.358358358358359 -0.6294425792680176
8.368368368368369 -0.6770379915236757
8.378378378378379 -0.7219560939545268
8.388388388388389 -0.7640192603734696
8.398398398398399 -0.8030611542822282
8.408408408408409 -0.838927386639928
8.418418418418419 -0.8714761263861716
8.428428428428429 -0.9005786613042194
8.438438438438439 -0.9261199070064257
8.448448448448449 -0.9479988620291966
8.458458458458459 -0.9661290072377481
8.468468468468469 -0.9804386479613276
8.478478478478479 -0.9908711975058639
8.488488488488489 -0.9973854009229761
8.498498498498499 -0.999955498150411
8.508508508508509 -0.9985713258788059
8.518518518518519 -0.9932383577419426
8.528528528528529 -0.9839776826715614
8.538538538538539 -0.9708259215023283
8.548548548548549 -0.9538350821567398
8.558558558558559 -0.9330723539826378
8.568568568568569 -0.9086198420565808
8.578578578578579 -0.8805742425038148
8.588588588588589 -0.8490464601186958
8.598598598598599 -0.8141611697977523
8.608608608608609 -0.7760563235195803
8.618618618618619 -0.7348826048212745
8.62862862862863 -0.6908028329286118
8.63863863863864 -0.643991318896266
8.64864864864865 -0.5946331763042866
8.65865865865866 -0.542923589236496
8.66866866866867 -0.4890670404357159
8.67867867867868 -0.4332765026878703
8.68868868868869 -0.37577259663273027
8.6986986986987 -0.31678271833164356
8.70870870870871 -0.25654014004216197
8.71871871871872 -0.19528308775566985
8.72872872872873 -0.13325379914564253
8.73873873873874 -0.07069756565199341
8.74874874874875 -0.007861762489469981
8.75875875875876 0.05500512958419539
8.76876876876877 0.11765450687183789
8.77877877877878 0.17983862582668317
8.78878878878879 0.24131158274063963
8.7987987987988 0.30183028615715424
8.80880880880881 0.3611554181631025
8.81881881881882 0.4190523807584085
8.82882882882883 0.47529222356109213
8.83883883883884 0.52965254917902
8.84884884884885 0.581918392668318
8.85885885885886 0.6318830716004725
8.86886886886887 0.679349003376768
8.87887887887888 0.7241284865578813
8.88888888888889 0.7660444431189771
8.8988988988989 0.8049311186951364
8.90890890890891 0.840634738047918
8.91891891891892 0.87301411316119
8.92892892892893 0.9019412015614099
8.93893893893894 0.9273016126546315
8.94894894894895 0.9489950600778593
8.95895895895896 0.966935758275998
8.96896896896897 0.9810527617361686
8.97897897897898 0.9912902455378554
8.98898898898899 0.9976077261095224
8.998998998999 0.9999802213186832
9.00900900900901 0.9983983492623832
9.01901901901902 0.9928683653674235
9.02902902902903 0.9834121376536189
9.03903903903904 0.9700670602579
9.04904904904905 0.9528859055612467
9.05905905905906 0.931936615503175
9.06906906906907 0.9073020329090439
9.07907907907908 0.8790795738926298
9.08908908908909 0.8473808426293951
9.0990990990991 0.8123311900238864
9.10910910910911 0.7740692180163885
9.11911911911912 0.7327462314891395
9.12912912912913 0.6885256399393942
9.13913913913914 0.6415823112854873
9.14914914914915 0.5921018803612025
9.15915915915916 0.540280014832905
9.16916916916917 0.4863216414424673
9.17917917917918 0.4304401356356014
9.18918918918919 0.3728564777803082
9.1991991991992 0.3137983793120811
9.20920920920921 0.2534993822614033
9.21921921921922 0.19219793572457436
9.22922922922923 0.13013645292970513
9.23923923923924 0.06756035262687883
9.24924924924925 0.004717088593035539
9.25925925925926 -0.058144828910476454
9.26926926926927 -0.12077681585815876
9.27927927927928 -0.18293119747238834
9.28928928928929 -0.24436218763976567
9.2992992992993 -0.30482686085895583
9.30930930930931 -0.36408611287628356
9.31931931931932 -0.4219056062105164
9.32932932932933 -0.47805669682763674
9.33933933933934 -0.5323173383011902
9.34934934934935 -0.5844729598828164
9.35935935935936 -0.6343173150105268
9.36936936936937 -0.6816532968995298
9.37937937937938 -0.726293717990247
9.38938938938939 -0.7680620501712976
9.3993993993994 -0.8067931228503248
9.40940940940941 -0.8423337761120606
9.41941941941942 -0.8745434663808952
9.42942942942943 -0.9032948221927519
9.43943943943944 -0.9284741478786243
9.44944944944945 -0.9499818731678871
9.45945945945946 -0.9677329469334981
9.46946946946947 -0.9816571735220584
9.47947947947948 -0.9916994903386805
9.48948948948949 -0.9978201855890309
9.4994994994995 -0.9999950553174458
9.50950950950951 -0.998215499120161
9.51951951951952 -0.992488554155135
9.52952952952953 -0.9828368673139952
9.53953953953954 -0.9692986056661351
9.54954954954955 -0.951927305529127
9.55955955955956 -0.9307916607622637
9.56956956956957 -0.9059752511204401
9.57957957957958 -0.8775762117425794
9.58958958958959 -0.8457068450815558
9.5995995995996 -0.8104931768102935
9.60960960960961 -0.7720744574600852
9.61961961961962 -0.7306026117619897
9.62962962962963 -0.6862416378687368
9.63963963963964 -0.6391669588329852
9.64964964964965 -0.5895647289064422
9.65965965965966 -0.5376310974029866
9.66966966966967 -0.48357143303694644
9.67967967967968 -0.4275995118036675
9.68968968968969 -0.3699366716140444
9.6996996996997 -0.3108109370257752
9.70970970970971 -0.2504561175326987
9.71971971971972 -0.18911088297791945
9.72972972972973 -0.12701781974687787
9.73973973973974 -0.06442247147277028
9.74974974974975 -0.0015723680475897498
9.75975975975976 0.06128395322131526
9.76976976976977 0.12389793043845103
9.77977977977978 0.18602196004469201
9.78978978978979 0.2474103759519995
9.7997997997998 0.30782042101662876
9.80980980980981 0.36701320700896356
9.81981981981982 0.4247546592840433
9.82982982982983 0.480816442416964
9.83983983983984 0.5349768631428484
9.84984984984985 0.5870217470308188
9.85985985985986 0.6367452854250584
9.86986986986987 0.6839508493039665
9.87987987987988 0.7284517668388597
9.88988988988989 0.7700720615775781
9.8998998998999 0.8086471483337545
9.90990990990991 0.8440244840299483
9.91991991991992 0.8760641709209583
9.92992992992993 0.904639509811797
9.93993993993994 0.9296375010827751
9.94994994994995 0.9509592915403249
9.95995995995996 0.9685205653265587
9.96996996996997 0.982251877341748
9.97997997997998 0.992098927861168
9.98998998998999 0.9980227772604112
10.0 1.0
